#YY  MM DD hh mm WDIR WSPD GST  WVHT   DPD   APD MWD   PRES  ATMP  WTMP  DEWP  VIS  TIDE
#yr  mo dy hr mn degT m/s  m/s     m   sec   sec degT   hPa  degC  degC  degC   mi    ft
2014 12 09 21 21 999 99.0 99.0  4.02 11.11  7.20  93 9999.0 999.0  11.3 999.0 99.0 99.00
2014 12 09 21 51 999 99.0 99.0  3.69 10.53  7.07  91 9999.0 999.0  11.3 999.0 99.0 99.00
2014 12 09 22 21 999 99.0 99.0  3.59 11.76  7.25  95 9999.0 999.0  11.3 999.0 99.0 99.00
2014 12 09 22 51 999 99.0 99.0  3.52 10.53  7.03  85 9999.0 999.0  11.3 999.0 99.0 99.00
2014 12 09 23 21 999 99.0 99.0  3.65 11.11  7.33  91 9999.0 999.0  11.2 999.0 99.0 99.00
2014 12 09 23 51 999 99.0 99.0  3.25 11.76  6.96 102 9999.0 999.0  11.2 999.0 99.0 99.00
2014 12 10 00 21 999 99.0 99.0  3.08 11.11  6.87  88 9999.0 999.0  11.2 999.0 99.0 99.00
2014 12 10 00 51 999 99.0 99.0  2.93 11.76  6.69  99 9999.0 999.0  11.2 999.0 99.0 99.00
2014 12 10 01 21 999 99.0 99.0  3.10 11.76  7.06 106 9999.0 999.0  11.2 999.0 99.0 99.00
2014 12 10 01 51 999 99.0 99.0  2.94 12.50  6.94  98 9999.0 999.0  11.2 999.0 99.0 99.00
2014 12 10 02 21 999 99.0 99.0  2.96 12.50  7.16 106 9999.0 999.0  11.2 999.0 99.0 99.00
2014 12 10 02 51 999 99.0 99.0  2.68 11.76  6.72  88 9999.0 999.0  11.2 999.0 99.0 99.00
2014 12 10 03 21 999 99.0 99.0  2.71 12.50  7.11  99 9999.0 999.0  11.2 999.0 99.0 99.00
2014 12 10 03 51 999 99.0 99.0  2.68 12.50  7.17  98 9999.0 999.0  11.2 999.0 99.0 99.00
2014 12 10 04 21 999 99.0 99.0  2.61 12.50  7.20 101 9999.0 999.0  11.1 999.0 99.0 99.00
2014 12 10 04 51 999 99.0 99.0  2.44 11.11  6.58  95 9999.0 999.0  11.1 999.0 99.0 99.00
2014 12 10 05 21 999 99.0 99.0  2.53 12.50  6.99 106 9999.0 999.0  11.1 999.0 99.0 99.00
2014 12 10 05 51 999 99.0 99.0  2.39 13.33  6.62  96 9999.0 999.0  11.1 999.0 99.0 99.00
2014 12 10 06 21 999 99.0 99.0  2.55 11.76  6.72 101 9999.0 999.0  11.1 999.0 99.0 99.00
2014 12 10 06 51 999 99.0 99.0  2.40 11.76  6.59  98 9999.0 999.0  11.1 999.0 99.0 99.00
2014 12 10 07 21 999 99.0 99.0  2.48 12.50  6.93 102 9999.0 999.0  11.1 999.0 99.0 99.00
2014 12 10 07 51 999 99.0 99.0  2.26 10.53  6.44  99 9999.0 999.0  11.0 999.0 99.0 99.00
2014 12 10 08 21 999 99.0 99.0  2.40 13.33  6.86  92 9999.0 999.0  11.0 999.0 99.0 99.00
2014 12 10 08 51 999 99.0 99.0  2.38 12.50  7.16  96 9999.0 999.0  11.0 999.0 99.0 99.00
2014 12 10 09 21 999 99.0 99.0  2.41 12.50  7.11  98 9999.0 999.0  11.0 999.0 99.0 99.00
2014 12 10 09 51 999 99.0 99.0  2.24 12.50  6.81  85 9999.0 999.0  11.0 999.0 99.0 99.00
2014 12 10 10 21 999 99.0 99.0  2.38 11.11  7.04  92 9999.0 999.0  11.0 999.0 99.0 99.00
2014 12 10 10 51 999 99.0 99.0  2.26 11.76  6.76 101 9999.0 999.0  11.0 999.0 99.0 99.00
2014 12 10 11 21 999 99.0 99.0  2.45 12.50  7.42  91 9999.0 999.0  11.0 999.0 99.0 99.00
2014 12 10 11 51 999 99.0 99.0  2.44 11.76  6.94  96 9999.0 999.0  11.0 999.0 99.0 99.00
2014 12 10 12 21 999 99.0 99.0  2.26 11.76  6.53  92 9999.0 999.0  11.0 999.0 99.0 99.00
2014 12 10 12 51 999 99.0 99.0  2.15 13.33  6.29  93 9999.0 999.0  11.0 999.0 99.0 99.00
2014 12 10 13 21 999 99.0 99.0  2.22 11.11  6.47  96 9999.0 999.0  11.0 999.0 99.0 99.00
2014 12 10 13 51 999 99.0 99.0  2.19 12.50  6.30  93 9999.0 999.0  11.0 999.0 99.0 99.00
2014 12 10 14 21 999 99.0 99.0  2.29 12.50  6.84  98 9999.0 999.0  11.0 999.0 99.0 99.00
2014 12 10 14 51 999 99.0 99.0  2.05 11.76  5.80  91 9999.0 999.0  11.0 999.0 99.0 99.00
2014 12 10 15 21 999 99.0 99.0  2.19 13.33  6.00  95 9999.0 999.0  11.0 999.0 99.0 99.00
2014 12 10 15 51 999 99.0 99.0  2.16 13.33  5.86 105 9999.0 999.0  11.0 999.0 99.0 99.00
2014 12 10 16 21 999 99.0 99.0  2.02 13.33  5.67  86 9999.0 999.0  11.0 999.0 99.0 99.00
2014 12 10 16 51 999 99.0 99.0  2.05 12.50  5.82  91 9999.0 999.0  11.0 999.0 99.0 99.00
2014 12 10 17 21 999 99.0 99.0  2.02 12.50  5.65  96 9999.0 999.0  11.0 999.0 99.0 99.00
2014 12 10 17 51 999 99.0 99.0  2.03 13.33  5.64  91 9999.0 999.0  11.0 999.0 99.0 99.00
2014 12 10 18 21 999 99.0 99.0  1.94 13.33  5.64  95 9999.0 999.0  11.0 999.0 99.0 99.00
2014 12 10 18 51 999 99.0 99.0  2.00 11.76  5.72  91 9999.0 999.0  11.0 999.0 99.0 99.00
2014 12 10 19 21 999 99.0 99.0  1.90 12.50  5.36  92 9999.0 999.0  10.9 999.0 99.0 99.00
2014 12 10 19 51 999 99.0 99.0  2.16 13.33  5.77  89 9999.0 999.0  10.9 999.0 99.0 99.00
2014 12 10 20 21 999 99.0 99.0  2.08 12.50  5.47  95 9999.0 999.0  10.9 999.0 99.0 99.00
2014 12 10 20 51 999 99.0 99.0  2.15  5.00  5.28 338 9999.0 999.0  10.9 999.0 99.0 99.00
2014 12 10 21 21 999 99.0 99.0  2.10 11.76  5.53  88 9999.0 999.0  10.9 999.0 99.0 99.00
2014 12 10 21 51 999 99.0 99.0  2.19 12.50  5.54  92 9999.0 999.0  10.9 999.0 99.0 99.00
2014 12 10 22 21 999 99.0 99.0  2.12 12.50  5.42  89 9999.0 999.0  10.9 999.0 99.0 99.00
2014 12 10 22 51 999 99.0 99.0  2.19 12.50  5.45  89 9999.0 999.0  10.9 999.0 99.0 99.00
2014 12 10 23 21 999 99.0 99.0  2.19 12.50  5.51  99 9999.0 999.0  10.9 999.0 99.0 99.00
2014 12 10 23 51 999 99.0 99.0  2.28  5.26  5.62 323 9999.0 999.0  10.9 999.0 99.0 99.00
2014 12 11 00 21 999 99.0 99.0  2.27 11.11  5.54  93 9999.0 999.0  10.8 999.0 99.0 99.00
2014 12 11 00 51 999 99.0 99.0  2.03  5.26  5.34 318 9999.0 999.0  10.9 999.0 99.0 99.00
2014 12 11 01 21 999 99.0 99.0  2.20  5.00  5.08 311 9999.0 999.0  10.8 999.0 99.0 99.00
2014 12 11 01 51 999 99.0 99.0  2.17  5.00  5.13 314 9999.0 999.0  10.8 999.0 99.0 99.00
2014 12 11 02 21 999 99.0 99.0  2.22 13.33  5.31  88 9999.0 999.0  10.8 999.0 99.0 99.00
2014 12 11 02 51 999 99.0 99.0  2.08  5.26  4.97 302 9999.0 999.0  10.8 999.0 99.0 99.00
2014 12 11 03 21 999 99.0 99.0  2.15  5.26  5.29 303 9999.0 999.0  10.8 999.0 99.0 99.00
2014 12 11 03 51 999 99.0 99.0  2.15  5.26  5.12 289 9999.0 999.0  10.8 999.0 99.0 99.00
2014 12 11 04 21 999 99.0 99.0  2.11  5.00  4.99 288 9999.0 999.0  10.7 999.0 99.0 99.00
2014 12 11 04 51 999 99.0 99.0  2.10  5.00  5.00 289 9999.0 999.0  10.7 999.0 99.0 99.00
2014 12 11 05 21 999 99.0 99.0  1.95  5.00  4.92 288 9999.0 999.0  10.7 999.0 99.0 99.00
2014 12 11 05 51 999 99.0 99.0  1.87  4.76  4.92 283 9999.0 999.0  10.7 999.0 99.0 99.00
2014 12 11 06 21 999 99.0 99.0  1.73  5.00  4.76 285 9999.0 999.0  10.7 999.0 99.0 99.00
2014 12 11 06 51 999 99.0 99.0  1.77  4.55  4.61 276 9999.0 999.0  10.6 999.0 99.0 99.00
2014 12 11 07 21 999 99.0 99.0  1.86  4.76  4.74 271 9999.0 999.0  10.6 999.0 99.0 99.00
2014 12 11 07 51 999 99.0 99.0  1.88  4.76  4.77 262 9999.0 999.0  10.6 999.0 99.0 99.00
2014 12 11 08 21 999 99.0 99.0  1.85 12.50  4.73  88 9999.0 999.0  10.6 999.0 99.0 99.00
2014 12 11 08 51 999 99.0 99.0  1.95  4.76  4.85 258 9999.0 999.0  10.6 999.0 99.0 99.00
2014 12 11 09 21 999 99.0 99.0  1.80  5.26  4.73 255 9999.0 999.0  10.5 999.0 99.0 99.00
2014 12 11 09 51 999 99.0 99.0  1.79  4.76  4.77 273 9999.0 999.0  10.5 999.0 99.0 99.00
2014 12 11 10 21 999 99.0 99.0  1.79  4.76  4.71 257 9999.0 999.0  10.5 999.0 99.0 99.00
2014 12 11 10 51 999 99.0 99.0  1.75 12.50  4.64  91 9999.0 999.0  10.5 999.0 99.0 99.00
2014 12 11 11 21 999 99.0 99.0  1.65 11.76  4.62 110 9999.0 999.0  10.5 999.0 99.0 99.00
2014 12 11 11 51 999 99.0 99.0  1.65 12.50  4.72 102 9999.0 999.0  10.4 999.0 99.0 99.00
2014 12 11 12 21 999 99.0 99.0  1.62  4.55  4.61 244 9999.0 999.0  10.4 999.0 99.0 99.00
2014 12 11 12 51 999 99.0 99.0  1.61 12.50  4.71  93 9999.0 999.0  10.4 999.0 99.0 99.00
2014 12 11 13 21 999 99.0 99.0  1.59 12.50  4.60 113 9999.0 999.0  10.4 999.0 99.0 99.00
2014 12 11 13 51 999 99.0 99.0  1.54  5.26  4.50 220 9999.0 999.0  10.4 999.0 99.0 99.00
2014 12 11 14 21 999 99.0 99.0  1.58 12.50  4.48  96 9999.0 999.0  10.4 999.0 99.0 99.00
2014 12 11 14 51 999 99.0 99.0  1.56 11.76  4.48 106 9999.0 999.0  10.4 999.0 99.0 99.00
2014 12 11 15 21 999 99.0 99.0  1.44 12.50  4.31  98 9999.0 999.0  10.4 999.0 99.0 99.00
2014 12 11 15 51 999 99.0 99.0  1.37 11.76  4.42 108 9999.0 999.0  10.4 999.0 99.0 99.00
2014 12 11 16 21 999 99.0 99.0  1.36 12.50  4.48  89 9999.0 999.0  10.4 999.0 99.0 99.00
2014 12 11 16 51 999 99.0 99.0  1.33 12.50  4.41 109 9999.0 999.0  10.4 999.0 99.0 99.00
2014 12 11 17 21 999 99.0 99.0  1.36 12.50  4.51  95 9999.0 999.0  10.5 999.0 99.0 99.00
2014 12 11 17 51 999 99.0 99.0  1.36 13.33  4.47  89 9999.0 999.0  10.5 999.0 99.0 99.00
2014 12 11 18 21 999 99.0 99.0  1.37 13.33  4.48 109 9999.0 999.0  10.5 999.0 99.0 99.00
2014 12 11 18 51 999 99.0 99.0  1.48 11.76  4.50 126 9999.0 999.0  10.5 999.0 99.0 99.00
2014 12 11 19 21 999 99.0 99.0  1.64 12.50  4.55 115 9999.0 999.0  10.5 999.0 99.0 99.00
2014 12 11 19 51 999 99.0 99.0  1.53  5.26  4.45 217 9999.0 999.0  10.5 999.0 99.0 99.00
2014 12 11 20 21 999 99.0 99.0  1.63  5.00  4.53 219 9999.0 999.0  10.4 999.0 99.0 99.00
2014 12 11 20 51 999 99.0 99.0  1.60 11.76  4.55 106 9999.0 999.0  10.5 999.0 99.0 99.00
2014 12 11 21 21 999 99.0 99.0  1.64  5.26  4.52 219 9999.0 999.0  10.4 999.0 99.0 99.00
2014 12 11 21 51 999 99.0 99.0  1.71 11.76  4.66 103 9999.0 999.0  10.4 999.0 99.0 99.00
2014 12 11 22 21 999 99.0 99.0  1.64  5.56  4.47 213 9999.0 999.0  10.4 999.0 99.0 99.00
2014 12 11 22 51 999 99.0 99.0  1.79  5.56  4.55 219 9999.0 999.0  10.4 999.0 99.0 99.00
2014 12 11 23 21 999 99.0 99.0  1.74  5.26  4.62 220 9999.0 999.0  10.4 999.0 99.0 99.00
2014 12 11 23 51 999 99.0 99.0  1.60 11.76  4.65 105 9999.0 999.0  10.4 999.0 99.0 99.00
2014 12 12 00 21 999 99.0 99.0  1.64 11.76  4.68 108 9999.0 999.0  10.4 999.0 99.0 99.00
2014 12 12 00 51 999 99.0 99.0  1.55  5.56  4.68 214 9999.0 999.0  10.4 999.0 99.0 99.00
2014 12 12 01 21 999 99.0 99.0  1.60 11.76  4.69 106 9999.0 999.0  10.4 999.0 99.0 99.00
2014 12 12 01 51 999 99.0 99.0  1.51 12.50  4.66 110 9999.0 999.0  10.3 999.0 99.0 99.00
2014 12 12 02 21 999 99.0 99.0  1.50 12.50  4.57 109 9999.0 999.0  10.4 999.0 99.0 99.00
2014 12 12 02 51 999 99.0 99.0  1.40 11.76  4.55 101 9999.0 999.0  10.3 999.0 99.0 99.00
2014 12 12 03 21 999 99.0 99.0  1.33 12.50  4.31 105 9999.0 999.0  10.3 999.0 99.0 99.00
2014 12 12 03 51 999 99.0 99.0  1.22 11.76  4.21  96 9999.0 999.0  10.3 999.0 99.0 99.00
2014 12 12 04 21 999 99.0 99.0  1.31 11.76  4.21  98 9999.0 999.0  10.3 999.0 99.0 99.00
2014 12 12 04 51 999 99.0 99.0  1.22 12.50  4.14 109 9999.0 999.0  10.3 999.0 99.0 99.00
2014 12 12 05 21 999 99.0 99.0  1.32  3.57  4.12 275 9999.0 999.0  10.3 999.0 99.0 99.00
2014 12 12 05 51 999 99.0 99.0  1.37  3.85  4.05 275 9999.0 999.0  10.3 999.0 99.0 99.00
2014 12 12 06 21 999 99.0 99.0  1.41  4.17  4.22 278 9999.0 999.0  10.3 999.0 99.0 99.00
2014 12 12 06 51 999 99.0 99.0  1.44  4.17  4.24 272 9999.0 999.0  10.2 999.0 99.0 99.00
2014 12 12 07 21 999 99.0 99.0  1.48  4.17  4.24 273 9999.0 999.0  10.2 999.0 99.0 99.00
2014 12 12 07 51 999 99.0 99.0  1.43  4.17  4.29 279 9999.0 999.0  10.3 999.0 99.0 99.00
2014 12 12 08 21 999 99.0 99.0  1.31  4.00  4.06 282 9999.0 999.0  10.2 999.0 99.0 99.00
2014 12 12 08 51 999 99.0 99.0  1.33  4.00  4.15 272 9999.0 999.0  10.3 999.0 99.0 99.00
2014 12 12 09 21 999 99.0 99.0  1.30 11.76  4.20  93 9999.0 999.0  10.2 999.0 99.0 99.00
2014 12 12 09 51 999 99.0 99.0  1.30  4.17  4.17 276 9999.0 999.0  10.2 999.0 99.0 99.00
2014 12 12 10 21 999 99.0 99.0  1.21 11.11  4.28  91 9999.0 999.0  10.2 999.0 99.0 99.00
2014 12 12 10 51 999 99.0 99.0  1.22  3.85  4.11 275 9999.0 999.0  10.2 999.0 99.0 99.00
2014 12 12 11 21 999 99.0 99.0  1.19  4.00  4.22 297 9999.0 999.0  10.2 999.0 99.0 99.00
2014 12 12 11 51 999 99.0 99.0  1.12 11.76  4.24  93 9999.0 999.0  10.2 999.0 99.0 99.00
2014 12 12 12 21 999 99.0 99.0  1.08  3.85  4.04 295 9999.0 999.0  10.2 999.0 99.0 99.00
2014 12 12 12 51 999 99.0 99.0  1.14  3.85  4.06 300 9999.0 999.0  10.2 999.0 99.0 99.00
2014 12 12 13 21 999 99.0 99.0  1.12 11.11  4.09  96 9999.0 999.0  10.2 999.0 99.0 99.00
2014 12 12 13 51 999 99.0 99.0  1.11  4.00  4.24 310 9999.0 999.0  10.1 999.0 99.0 99.00
2014 12 12 14 21 999 99.0 99.0  1.18 11.76  4.23  88 9999.0 999.0  10.1 999.0 99.0 99.00
2014 12 12 14 51 999 99.0 99.0  1.13 11.76  4.24  82 9999.0 999.0  10.1 999.0 99.0 99.00
2014 12 12 15 21 999 99.0 99.0  1.15 11.76  4.28  89 9999.0 999.0  10.1 999.0 99.0 99.00
2014 12 12 15 51 999 99.0 99.0  1.11 10.53  4.18  95 9999.0 999.0  10.1 999.0 99.0 99.00
2014 12 12 16 21 999 99.0 99.0  1.11 11.76  4.41  95 9999.0 999.0  10.1 999.0 99.0 99.00
2014 12 12 16 51 999 99.0 99.0  1.05 11.76  4.09  93 9999.0 999.0  10.1 999.0 99.0 99.00
2014 12 12 17 21 999 99.0 99.0  1.12 11.11  4.37  85 9999.0 999.0  10.1 999.0 99.0 99.00
2014 12 12 17 51 999 99.0 99.0  1.07 10.53  4.06  88 9999.0 999.0  10.1 999.0 99.0 99.00
2014 12 12 18 51 999 99.0 99.0  1.07 11.11  3.99 101 9999.0 999.0  10.1 999.0 99.0 99.00
2014 12 12 19 21 999 99.0 99.0  1.10 10.53  3.91  89 9999.0 999.0  10.0 999.0 99.0 99.00
2014 12 12 19 51 999 99.0 99.0  1.16  4.17  3.99 337 9999.0 999.0  10.0 999.0 99.0 99.00
2014 12 12 20 21 999 99.0 99.0  1.19  4.00  3.93 327 9999.0 999.0  10.0 999.0 99.0 99.00
2014 12 12 20 51 999 99.0 99.0  1.16  4.00  4.06 324 9999.0 999.0  10.0 999.0 99.0 99.00
2014 12 12 21 21 999 99.0 99.0  1.26  4.00  3.95 307 9999.0 999.0  10.0 999.0 99.0 99.00
2014 12 12 21 51 999 99.0 99.0  1.28  4.00  4.11 314 9999.0 999.0  10.0 999.0 99.0 99.00
2014 12 12 22 21 999 99.0 99.0  1.27  4.00  4.09 307 9999.0 999.0  10.0 999.0 99.0 99.00
2014 12 12 22 51 999 99.0 99.0  1.29  4.35  4.04 331 9999.0 999.0  10.0 999.0 99.0 99.00
2014 12 12 23 21 999 99.0 99.0  1.34  4.55  4.10 328 9999.0 999.0  10.0 999.0 99.0 99.00
2014 12 12 23 51 999 99.0 99.0  1.39  4.55  4.13 320 9999.0 999.0   9.9 999.0 99.0 99.00
2014 12 13 00 21 999 99.0 99.0  1.41  4.55  4.16 327 9999.0 999.0  10.0 999.0 99.0 99.00
2014 12 13 00 51 999 99.0 99.0  1.32  4.35  4.14 327 9999.0 999.0   9.9 999.0 99.0 99.00
2014 12 13 01 21 999 99.0 99.0  1.48  4.76  4.27 347 9999.0 999.0   9.9 999.0 99.0 99.00
2014 12 13 01 51 999 99.0 99.0  1.43  4.76  4.21 348 9999.0 999.0   9.9 999.0 99.0 99.00
2014 12 13 02 21 999 99.0 99.0  1.36  4.55  4.25 342 9999.0 999.0   9.9 999.0 99.0 99.00
2014 12 13 02 51 999 99.0 99.0  1.35  4.55  4.17 345 9999.0 999.0   9.9 999.0 99.0 99.00
2014 12 13 03 21 999 99.0 99.0  1.40  5.00  4.38 356 9999.0 999.0   9.9 999.0 99.0 99.00
2014 12 13 03 51 999 99.0 99.0  1.37  5.26  4.25 359 9999.0 999.0   9.9 999.0 99.0 99.00
2014 12 13 04 21 999 99.0 99.0  1.36  4.76  4.19 356 9999.0 999.0   9.9 999.0 99.0 99.00
2014 12 13 04 51 999 99.0 99.0  1.33  4.76  4.12 351 9999.0 999.0   9.9 999.0 99.0 99.00
2014 12 13 05 21 999 99.0 99.0  1.42  4.76  4.23 358 9999.0 999.0   9.9 999.0 99.0 99.00
2014 12 13 05 51 999 99.0 99.0  1.40  5.00  4.17 355 9999.0 999.0   9.9 999.0 99.0 99.00
2014 12 13 06 21 999 99.0 99.0  1.32  5.26  4.02 359 9999.0 999.0   9.9 999.0 99.0 99.00
2014 12 13 06 51 999 99.0 99.0  1.47  5.00  4.20 358 9999.0 999.0   9.8 999.0 99.0 99.00
2014 12 13 07 21 999 99.0 99.0  1.50  5.26  4.28 358 9999.0 999.0   9.8 999.0 99.0 99.00
2014 12 13 07 51 999 99.0 99.0  1.36  4.76  4.21 354 9999.0 999.0   9.8 999.0 99.0 99.00
2014 12 13 08 21 999 99.0 99.0  1.40  5.00  4.18 355 9999.0 999.0   9.8 999.0 99.0 99.00
2014 12 13 08 51 999 99.0 99.0  1.36  5.26  4.16   2 9999.0 999.0   9.8 999.0 99.0 99.00
2014 12 13 09 21 999 99.0 99.0  1.26  4.76  4.09 354 9999.0 999.0   9.8 999.0 99.0 99.00
2014 12 13 09 51 999 99.0 99.0  1.25  4.76  4.06 354 9999.0 999.0   9.8 999.0 99.0 99.00
2014 12 13 10 21 999 99.0 99.0  1.25  5.00  4.05 358 9999.0 999.0   9.8 999.0 99.0 99.00
2014 12 13 10 51 999 99.0 99.0  1.26  5.00  4.12 356 9999.0 999.0   9.8 999.0 99.0 99.00
2014 12 13 11 21 999 99.0 99.0  1.32  4.76  4.10 355 9999.0 999.0   9.7 999.0 99.0 99.00
2014 12 13 11 51 999 99.0 99.0  1.24  4.35  4.02 345 9999.0 999.0   9.7 999.0 99.0 99.00
2014 12 13 12 21 999 99.0 99.0  1.26  4.76  4.12 356 9999.0 999.0   9.7 999.0 99.0 99.00
2014 12 13 12 51 999 99.0 99.0  1.35  4.76  4.22 352 9999.0 999.0   9.7 999.0 99.0 99.00
2014 12 13 13 21 999 99.0 99.0  1.34  4.55  4.18 349 9999.0 999.0   9.7 999.0 99.0 99.00
2014 12 13 13 51 999 99.0 99.0  1.36  4.76  4.11 352 9999.0 999.0   9.7 999.0 99.0 99.00
2014 12 13 14 21 999 99.0 99.0  1.33  4.76  4.13 354 9999.0 999.0   9.7 999.0 99.0 99.00
2014 12 13 14 51 999 99.0 99.0  1.29  4.76  4.23 352 9999.0 999.0   9.7 999.0 99.0 99.00
2014 12 13 15 21 999 99.0 99.0  1.21  4.76  4.01 356 9999.0 999.0   9.7 999.0 99.0 99.00
2014 12 13 15 51 999 99.0 99.0  1.20  4.55  3.97 354 9999.0 999.0   9.7 999.0 99.0 99.00
2014 12 13 16 21 999 99.0 99.0  1.30  4.55  4.11 354 9999.0 999.0   9.7 999.0 99.0 99.00
2014 12 13 16 51 999 99.0 99.0  1.33  4.76  4.11 351 9999.0 999.0   9.7 999.0 99.0 99.00
2014 12 13 17 21 999 99.0 99.0  1.29  5.00  4.14 352 9999.0 999.0   9.7 999.0 99.0 99.00
2014 12 13 17 51 999 99.0 99.0  1.20  5.26  3.97 359 9999.0 999.0   9.7 999.0 99.0 99.00
2014 12 13 18 21 999 99.0 99.0  1.18  4.35  3.94 349 9999.0 999.0   9.7 999.0 99.0 99.00
2014 12 13 18 51 999 99.0 99.0  1.20  4.76  4.02 356 9999.0 999.0   9.7 999.0 99.0 99.00
2014 12 13 19 21 999 99.0 99.0  1.10  4.35  3.87 349 9999.0 999.0   9.7 999.0 99.0 99.00
2014 12 13 19 51 999 99.0 99.0  1.03  4.76  3.76 356 9999.0 999.0   9.6 999.0 99.0 99.00
2014 12 13 20 21 999 99.0 99.0  1.03  4.55  3.72 347 9999.0 999.0   9.6 999.0 99.0 99.00
2014 12 13 20 51 999 99.0 99.0  1.14  4.35  3.76 347 9999.0 999.0   9.6 999.0 99.0 99.00
2014 12 13 21 21 999 99.0 99.0  1.22  4.35  3.90 342 9999.0 999.0   9.6 999.0 99.0 99.00
2014 12 13 21 51 999 99.0 99.0  1.15  4.35  3.82 340 9999.0 999.0   9.6 999.0 99.0 99.00
2014 12 13 22 21 999 99.0 99.0  1.14  4.55  3.88 351 9999.0 999.0   9.6 999.0 99.0 99.00
2014 12 13 22 51 999 99.0 99.0  1.13  4.35  3.88 347 9999.0 999.0   9.5 999.0 99.0 99.00
2014 12 13 23 21 999 99.0 99.0  1.14  4.76  3.95 358 9999.0 999.0   9.5 999.0 99.0 99.00
2014 12 13 23 51 999 99.0 99.0  1.25  5.00  4.16 356 9999.0 999.0   9.6 999.0 99.0 99.00
2014 12 14 00 21 999 99.0 99.0  1.13  4.55  3.94 356 9999.0 999.0   9.5 999.0 99.0 99.00
2014 12 14 00 51 999 99.0 99.0  1.13  5.26  3.99 359 9999.0 999.0   9.5 999.0 99.0 99.00
2014 12 14 01 21 999 99.0 99.0  1.13  4.35  3.89 348 9999.0 999.0   9.5 999.0 99.0 99.00
2014 12 14 01 51 999 99.0 99.0  1.16  4.35  3.94 347 9999.0 999.0   9.5 999.0 99.0 99.00
2014 12 14 02 21 999 99.0 99.0  1.09  4.76  3.90 358 9999.0 999.0   9.5 999.0 99.0 99.00
2014 12 14 02 51 999 99.0 99.0  1.07  4.76  3.90 359 9999.0 999.0   9.5 999.0 99.0 99.00
2014 12 14 03 21 999 99.0 99.0  1.04  4.35  3.82 351 9999.0 999.0   9.5 999.0 99.0 99.00
2014 12 14 03 51 999 99.0 99.0  1.01  4.55  3.85 356 9999.0 999.0   9.5 999.0 99.0 99.00
2014 12 14 04 21 999 99.0 99.0  1.02  3.85  3.75 351 9999.0 999.0   9.5 999.0 99.0 99.00
2014 12 14 04 51 999 99.0 99.0  1.03  4.00  3.78 349 9999.0 999.0   9.5 999.0 99.0 99.00
2014 12 14 05 21 999 99.0 99.0  1.00  4.35  3.87   1 9999.0 999.0   9.5 999.0 99.0 99.00
2014 12 14 05 51 999 99.0 99.0  0.91  4.35  3.73 358 9999.0 999.0   9.5 999.0 99.0 99.00
2014 12 14 06 21 999 99.0 99.0  0.95  4.35  3.68 359 9999.0 999.0   9.5 999.0 99.0 99.00
2014 12 14 06 51 999 99.0 99.0  0.95  4.35  3.67 358 9999.0 999.0   9.5 999.0 99.0 99.00
2014 12 14 07 21 999 99.0 99.0  0.98  3.33  3.55 331 9999.0 999.0   9.5 999.0 99.0 99.00
2014 12 14 07 51 999 99.0 99.0  0.96  3.45  3.61 316 9999.0 999.0   9.5 999.0 99.0 99.00
2014 12 14 08 21 999 99.0 99.0  0.97  3.45  3.54 314 9999.0 999.0   9.5 999.0 99.0 99.00
2014 12 14 08 51 999 99.0 99.0  0.95  3.33  3.57 309 9999.0 999.0   9.5 999.0 99.0 99.00
2014 12 14 09 21 999 99.0 99.0  0.96  3.45  3.56 302 9999.0 999.0   9.4 999.0 99.0 99.00
2014 12 14 09 51 999 99.0 99.0  0.95  3.57  3.58 303 9999.0 999.0   9.4 999.0 99.0 99.00
2014 12 14 10 21 999 99.0 99.0  0.93  3.45  3.55 304 9999.0 999.0   9.4 999.0 99.0 99.00
2014 12 14 10 51 999 99.0 99.0  0.93  3.57  3.60 306 9999.0 999.0   9.4 999.0 99.0 99.00
2014 12 14 11 21 999 99.0 99.0  0.92  3.57  3.52 314 9999.0 999.0   9.4 999.0 99.0 99.00
2014 12 14 11 51 999 99.0 99.0  0.90  3.70  3.67 321 9999.0 999.0   9.5 999.0 99.0 99.00
2014 12 14 12 21 999 99.0 99.0  0.88  3.85  3.62 335 9999.0 999.0   9.5 999.0 99.0 99.00
2014 12 14 12 51 999 99.0 99.0  0.93  3.57  3.56 309 9999.0 999.0   9.5 999.0 99.0 99.00
2014 12 14 13 21 999 99.0 99.0  0.96  3.70  3.64 321 9999.0 999.0   9.5 999.0 99.0 99.00
2014 12 14 13 51 999 99.0 99.0  0.93  3.85  3.63 324 9999.0 999.0   9.5 999.0 99.0 99.00
2014 12 14 14 21 999 99.0 99.0  0.90  3.85  3.60 330 9999.0 999.0   9.5 999.0 99.0 99.00
2014 12 14 14 51 999 99.0 99.0  0.97  3.85  3.73 338 9999.0 999.0   9.5 999.0 99.0 99.00
2014 12 14 15 21 999 99.0 99.0  0.89  4.35  3.67 355 9999.0 999.0   9.5 999.0 99.0 99.00
2014 12 14 15 51 999 99.0 99.0  0.91  4.00  3.73 351 9999.0 999.0   9.5 999.0 99.0 99.00
2014 12 14 16 21 999 99.0 99.0  0.86  4.35  3.75   2 9999.0 999.0   9.5 999.0 99.0 99.00
2014 12 14 16 51 999 99.0 99.0  0.84  4.00  3.63 359 9999.0 999.0   9.5 999.0 99.0 99.00
2014 12 14 17 21 999 99.0 99.0  0.84  4.35  3.68   1 9999.0 999.0   9.5 999.0 99.0 99.00
2014 12 14 17 51 999 99.0 99.0  0.85  4.17  3.61   2 9999.0 999.0   9.5 999.0 99.0 99.00
2014 12 14 18 21 999 99.0 99.0  0.87  3.33  3.63 347 9999.0 999.0   9.5 999.0 99.0 99.00
2014 12 14 18 51 999 99.0 99.0  0.92  4.00  3.55 356 9999.0 999.0   9.5 999.0 99.0 99.00
2014 12 14 19 21 999 99.0 99.0  0.95  3.85  3.63 349 9999.0 999.0   9.6 999.0 99.0 99.00
2014 12 14 19 51 999 99.0 99.0  0.89  4.17  3.65 356 9999.0 999.0   9.6 999.0 99.0 99.00
2014 12 14 20 21 999 99.0 99.0  0.82  4.17  3.58 359 9999.0 999.0   9.6 999.0 99.0 99.00
2014 12 14 20 51 999 99.0 99.0  0.84  4.00  3.59 349 9999.0 999.0   9.6 999.0 99.0 99.00
2014 12 14 21 21 999 99.0 99.0  0.83  4.00  3.53 358 9999.0 999.0   9.6 999.0 99.0 99.00
2014 12 14 21 51 999 99.0 99.0  0.86  3.70  3.58 349 9999.0 999.0   9.5 999.0 99.0 99.00
2014 12 14 22 21 999 99.0 99.0  0.88  4.35  3.65   5 9999.0 999.0   9.6 999.0 99.0 99.00
2014 12 14 22 51 999 99.0 99.0  0.91  4.55  3.70   6 9999.0 999.0   9.5 999.0 99.0 99.00
2014 12 14 23 21 999 99.0 99.0  0.94  4.35  3.63   5 9999.0 999.0   9.5 999.0 99.0 99.00
2014 12 14 23 51 999 99.0 99.0  0.94  3.85  3.64 349 9999.0 999.0   9.5 999.0 99.0 99.00
2014 12 15 00 21 999 99.0 99.0  0.89  4.17  3.59 351 9999.0 999.0   9.5 999.0 99.0 99.00
2014 12 15 00 51 999 99.0 99.0  1.03  4.35  3.71 358 9999.0 999.0   9.6 999.0 99.0 99.00
2014 12 15 01 21 999 99.0 99.0  1.03  4.55  3.73 359 9999.0 999.0   9.6 999.0 99.0 99.00
2014 12 15 01 51 999 99.0 99.0  1.05  4.55  3.83   3 9999.0 999.0   9.6 999.0 99.0 99.00
2014 12 15 02 21 999 99.0 99.0  1.06  4.35  3.84 359 9999.0 999.0   9.6 999.0 99.0 99.00
2014 12 15 02 51 999 99.0 99.0  1.02  4.55  3.85   2 9999.0 999.0   9.6 999.0 99.0 99.00
2014 12 15 03 21 999 99.0 99.0  0.94  4.76  3.87   3 9999.0 999.0   9.6 999.0 99.0 99.00
2014 12 15 03 51 999 99.0 99.0  0.92  4.35  3.79   5 9999.0 999.0   9.6 999.0 99.0 99.00
2014 12 15 04 21 999 99.0 99.0  0.96  4.76  3.84   8 9999.0 999.0   9.6 999.0 99.0 99.00
2014 12 15 04 51 999 99.0 99.0  0.89 11.11  3.76  88 9999.0 999.0   9.6 999.0 99.0 99.00
2014 12 15 05 21 999 99.0 99.0  0.91  4.55  3.77   8 9999.0 999.0   9.6 999.0 99.0 99.00
2014 12 15 05 51 999 99.0 99.0  0.90  4.35  3.74   9 9999.0 999.0   9.6 999.0 99.0 99.00
2014 12 15 06 21 999 99.0 99.0  0.81  4.35  3.66   9 9999.0 999.0   9.6 999.0 99.0 99.00
2014 12 15 06 51 999 99.0 99.0  0.89  3.85  3.54   6 9999.0 999.0   9.6 999.0 99.0 99.00
2014 12 15 07 21 999 99.0 99.0  0.92  3.45  3.63 355 9999.0 999.0   9.6 999.0 99.0 99.00
2014 12 15 07 51 999 99.0 99.0  0.89  4.17  3.71   6 9999.0 999.0   9.6 999.0 99.0 99.00
2014 12 15 08 21 999 99.0 99.0  0.85  4.17  3.56  12 9999.0 999.0   9.6 999.0 99.0 99.00
2014 12 15 08 51 999 99.0 99.0  0.80  4.00  3.54   5 9999.0 999.0   9.6 999.0 99.0 99.00
2014 12 15 09 21 999 99.0 99.0  0.80  4.00  3.58   9 9999.0 999.0   9.6 999.0 99.0 99.00
2014 12 15 09 51 999 99.0 99.0  0.79  4.00  3.49  13 9999.0 999.0   9.6 999.0 99.0 99.00
2014 12 15 10 21 999 99.0 99.0  0.79  3.70  3.52   5 9999.0 999.0   9.6 999.0 99.0 99.00
2014 12 15 10 51 999 99.0 99.0  0.76 11.11  3.58  77 9999.0 999.0   9.6 999.0 99.0 99.00
2014 12 15 11 21 999 99.0 99.0  0.79 11.76  3.61  88 9999.0 999.0   9.6 999.0 99.0 99.00
2014 12 15 11 51 999 99.0 99.0  0.76  3.85  3.48   6 9999.0 999.0   9.6 999.0 99.0 99.00
2014 12 15 12 21 999 99.0 99.0  0.81  3.57  3.50 359 9999.0 999.0   9.6 999.0 99.0 99.00
2014 12 15 12 51 999 99.0 99.0  0.79 12.50  3.58  96 9999.0 999.0   9.6 999.0 99.0 99.00
2014 12 15 13 21 999 99.0 99.0  0.82  3.70  3.74   3 9999.0 999.0   9.6 999.0 99.0 99.00
2014 12 15 13 51 999 99.0 99.0  0.75 11.11  3.59  98 9999.0 999.0   9.6 999.0 99.0 99.00
2014 12 15 14 21 999 99.0 99.0  0.75  3.85  3.69   8 9999.0 999.0   9.6 999.0 99.0 99.00
2014 12 15 14 51 999 99.0 99.0  0.71  3.57  3.64   3 9999.0 999.0   9.6 999.0 99.0 99.00
2014 12 15 15 21 999 99.0 99.0  0.74 11.11  3.92  96 9999.0 999.0   9.6 999.0 99.0 99.00
2014 12 15 15 51 999 99.0 99.0  0.68 11.76  3.75  96 9999.0 999.0   9.6 999.0 99.0 99.00
2014 12 15 16 51 999 99.0 99.0  0.64 11.11  3.92 102 9999.0 999.0   9.7 999.0 99.0 99.00
2014 12 15 17 21 999 99.0 99.0  0.63 11.11  4.13 103 9999.0 999.0   9.7 999.0 99.0 99.00
2014 12 15 17 51 999 99.0 99.0  0.63 11.11  4.24 103 9999.0 999.0   9.7 999.0 99.0 99.00
2014 12 15 18 51 999 99.0 99.0  0.55 11.76  4.60 102 9999.0 999.0   9.8 999.0 99.0 99.00
2014 12 15 19 21 999 99.0 99.0  0.58 12.50  5.13 108 9999.0 999.0   9.8 999.0 99.0 99.00
2014 12 15 19 51 999 99.0 99.0  0.54 11.76  5.30  96 9999.0 999.0   9.7 999.0 99.0 99.00
2014 12 15 20 21 999 99.0 99.0  0.54 11.76  5.58  95 9999.0 999.0   9.7 999.0 99.0 99.00
2014 12 15 20 51 999 99.0 99.0  0.48 11.76  5.72  96 9999.0 999.0   9.7 999.0 99.0 99.00
2014 12 15 21 21 999 99.0 99.0  0.45 11.76  5.80  81 9999.0 999.0   9.7 999.0 99.0 99.00
2014 12 15 21 51 999 99.0 99.0  0.48 11.11  6.26  95 9999.0 999.0   9.7 999.0 99.0 99.00
2014 12 15 22 21 999 99.0 99.0  0.44 11.76  6.07  96 9999.0 999.0   9.7 999.0 99.0 99.00
2014 12 15 22 51 999 99.0 99.0  0.49 11.76  5.97  98 9999.0 999.0   9.7 999.0 99.0 99.00
2014 12 15 23 21 999 99.0 99.0  0.47 11.76  5.63  88 9999.0 999.0   9.7 999.0 99.0 99.00
2014 12 15 23 51 999 99.0 99.0  0.48 11.76  5.22  99 9999.0 999.0   9.7 999.0 99.0 99.00
2014 12 16 00 21 999 99.0 99.0  0.47 10.53  5.08  96 9999.0 999.0   9.7 999.0 99.0 99.00
2014 12 16 00 51 999 99.0 99.0  0.52 11.11  4.90  95 9999.0 999.0   9.7 999.0 99.0 99.00
2014 12 16 01 21 999 99.0 99.0  0.51 10.53  4.73 102 9999.0 999.0   9.7 999.0 99.0 99.00
2014 12 16 01 51 999 99.0 99.0  0.53 11.11  4.89  89 9999.0 999.0   9.7 999.0 99.0 99.00
2014 12 16 02 21 999 99.0 99.0  0.59  9.88  4.76  99 9999.0 999.0   9.7 999.0 99.0 99.00
2014 12 16 02 51 999 99.0 99.0  0.52 11.11  4.41 112 9999.0 999.0   9.7 999.0 99.0 99.00
2014 12 16 03 21 999 99.0 99.0  0.53 11.11  4.31 106 9999.0 999.0   9.7 999.0 99.0 99.00
2014 12 16 03 51 999 99.0 99.0  0.56  9.88  4.53 102 9999.0 999.0   9.7 999.0 99.0 99.00
2014 12 16 04 21 999 99.0 99.0  0.56 11.76  4.65 108 9999.0 999.0   9.7 999.0 99.0 99.00
2014 12 16 04 51 999 99.0 99.0  0.52  9.88  4.57 110 9999.0 999.0   9.6 999.0 99.0 99.00
2014 12 16 05 21 999 99.0 99.0  0.56 11.11  5.08 110 9999.0 999.0   9.6 999.0 99.0 99.00
2014 12 16 05 51 999 99.0 99.0  0.56 11.11  5.26 103 9999.0 999.0   9.6 999.0 99.0 99.00
2014 12 16 06 21 999 99.0 99.0  0.51 11.11  4.82 101 9999.0 999.0   9.6 999.0 99.0 99.00
2014 12 16 06 51 999 99.0 99.0  0.58  9.88  5.84 102 9999.0 999.0   9.6 999.0 99.0 99.00
2014 12 16 07 21 999 99.0 99.0  0.52 11.11  5.33 103 9999.0 999.0   9.6 999.0 99.0 99.00
2014 12 16 07 51 999 99.0 99.0  0.51 11.76  5.22 113 9999.0 999.0   9.6 999.0 99.0 99.00
2014 12 16 08 21 999 99.0 99.0  0.55 11.11  5.75 105 9999.0 999.0   9.6 999.0 99.0 99.00
2014 12 16 08 51 999 99.0 99.0  0.52 11.11  5.68 102 9999.0 999.0   9.6 999.0 99.0 99.00
2014 12 16 09 21 999 99.0 99.0  0.52 11.76  5.39 101 9999.0 999.0   9.6 999.0 99.0 99.00
2014 12 16 09 51 999 99.0 99.0  0.51 11.11  5.60  98 9999.0 999.0   9.7 999.0 99.0 99.00
2014 12 16 10 21 999 99.0 99.0  0.54 11.76  6.22 103 9999.0 999.0   9.7 999.0 99.0 99.00
2014 12 16 10 51 999 99.0 99.0  0.52 11.11  5.98 109 9999.0 999.0   9.7 999.0 99.0 99.00
2014 12 16 11 21 999 99.0 99.0  0.55 11.11  5.86 106 9999.0 999.0   9.7 999.0 99.0 99.00
2014 12 16 11 51 999 99.0 99.0  0.57 11.11  6.05  95 9999.0 999.0   9.7 999.0 99.0 99.00
2014 12 16 12 21 999 99.0 99.0  0.53 11.11  6.27 102 9999.0 999.0   9.7 999.0 99.0 99.00
2014 12 16 12 51 999 99.0 99.0  0.54  9.88  6.38  99 9999.0 999.0   9.7 999.0 99.0 99.00
2014 12 16 13 21 999 99.0 99.0  0.56  8.33  6.78  95 9999.0 999.0   9.7 999.0 99.0 99.00
2014 12 16 13 51 999 99.0 99.0  0.55 11.11  6.89 112 9999.0 999.0   9.7 999.0 99.0 99.00
2014 12 16 14 21 999 99.0 99.0  0.57 11.11  6.57 108 9999.0 999.0   9.8 999.0 99.0 99.00
2014 12 16 14 51 999 99.0 99.0  0.56 11.11  6.74  96 9999.0 999.0   9.8 999.0 99.0 99.00
2014 12 16 15 21 999 99.0 99.0  0.55  9.88  6.86 109 9999.0 999.0   9.8 999.0 99.0 99.00
2014 12 16 15 51 999 99.0 99.0  0.57 11.11  7.01 106 9999.0 999.0   9.8 999.0 99.0 99.00
2014 12 16 16 21 999 99.0 99.0  0.57 11.11  7.02 105 9999.0 999.0   9.9 999.0 99.0 99.00
2014 12 16 16 51 999 99.0 99.0  0.58  9.88  7.10 112 9999.0 999.0   9.9 999.0 99.0 99.00
2014 12 16 17 21 999 99.0 99.0  0.57 11.11  7.02 108 9999.0 999.0   9.9 999.0 99.0 99.00
2014 12 16 17 51 999 99.0 99.0  0.57 10.53  6.94 105 9999.0 999.0   9.8 999.0 99.0 99.00
2014 12 16 18 21 999 99.0 99.0  0.58 11.76  7.14 120 9999.0 999.0   9.8 999.0 99.0 99.00
2014 12 16 18 51 999 99.0 99.0  0.54 10.53  6.87  96 9999.0 999.0   9.8 999.0 99.0 99.00
2014 12 16 19 21 999 99.0 99.0  0.54  8.33  6.93  95 9999.0 999.0   9.8 999.0 99.0 99.00
2014 12 16 19 51 999 99.0 99.0  0.57  8.33  7.17  93 9999.0 999.0   9.8 999.0 99.0 99.00
2014 12 16 20 21 999 99.0 99.0  0.59 10.53  7.19 110 9999.0 999.0   9.8 999.0 99.0 99.00
2014 12 16 20 51 999 99.0 99.0  0.58  9.88  6.98 106 9999.0 999.0   9.8 999.0 99.0 99.00
2014 12 16 21 21 999 99.0 99.0  0.58 10.53  6.37 119 9999.0 999.0   9.8 999.0 99.0 99.00
2014 12 16 21 51 999 99.0 99.0  0.67 10.53  5.61 110 9999.0 999.0   9.8 999.0 99.0 99.00
2014 12 16 22 21 999 99.0 99.0  0.63 10.53  5.22 117 9999.0 999.0   9.8 999.0 99.0 99.00
2014 12 16 22 51 999 99.0 99.0  0.68  9.88  5.17 112 9999.0 999.0   9.8 999.0 99.0 99.00
2014 12 16 23 21 999 99.0 99.0  0.66 10.53  4.35 120 9999.0 999.0   9.8 999.0 99.0 99.00
2014 12 16 23 51 999 99.0 99.0  0.74  9.88  4.06 116 9999.0 999.0   9.8 999.0 99.0 99.00
2014 12 17 00 21 999 99.0 99.0  0.75 10.53  4.15 123 9999.0 999.0   9.8 999.0 99.0 99.00
2014 12 17 00 51 999 99.0 99.0  0.81 10.53  4.54 113 9999.0 999.0   9.8 999.0 99.0 99.00
2014 12 17 01 21 999 99.0 99.0  0.80 10.53  4.54 103 9999.0 999.0   9.8 999.0 99.0 99.00
2014 12 17 01 51 999 99.0 99.0  0.77  9.88  4.36 106 9999.0 999.0   9.8 999.0 99.0 99.00
2014 12 17 02 21 999 99.0 99.0  0.78  3.57  4.33 154 9999.0 999.0   9.8 999.0 99.0 99.00
2014 12 17 02 51 999 99.0 99.0  0.79  9.88  4.83 117 9999.0 999.0   9.8 999.0 99.0 99.00
2014 12 17 03 21 999 99.0 99.0  0.74  9.09  4.58 112 9999.0 999.0   9.8 999.0 99.0 99.00
2014 12 17 03 51 999 99.0 99.0  0.76  9.09  4.71 116 9999.0 999.0   9.8 999.0 99.0 99.00
2014 12 17 04 21 999 99.0 99.0  0.78  9.88  4.63 113 9999.0 999.0   9.8 999.0 99.0 99.00
2014 12 17 04 51 999 99.0 99.0  0.79  9.88  4.57 112 9999.0 999.0   9.8 999.0 99.0 99.00
2014 12 17 05 21 999 99.0 99.0  0.78  9.09  4.69 115 9999.0 999.0   9.8 999.0 99.0 99.00
2014 12 17 05 51 999 99.0 99.0  0.76  9.09  4.41 117 9999.0 999.0   9.8 999.0 99.0 99.00
2014 12 17 06 21 999 99.0 99.0  0.75  9.09  4.31 112 9999.0 999.0   9.8 999.0 99.0 99.00
2014 12 17 06 51 999 99.0 99.0  0.80 10.53  4.16 117 9999.0 999.0   9.8 999.0 99.0 99.00
2014 12 17 07 21 999 99.0 99.0  0.82 10.53  4.34 120 9999.0 999.0   9.8 999.0 99.0 99.00
2014 12 17 07 51 999 99.0 99.0  0.84  4.35  4.27 160 9999.0 999.0   9.8 999.0 99.0 99.00
2014 12 17 08 21 999 99.0 99.0  0.89  4.76  4.30 158 9999.0 999.0   9.8 999.0 99.0 99.00
2014 12 17 08 51 999 99.0 99.0  0.86  5.00  4.24 155 9999.0 999.0   9.8 999.0 99.0 99.00
2014 12 17 09 21 999 99.0 99.0  0.86  5.00  4.07 167 9999.0 999.0   9.8 999.0 99.0 99.00
2014 12 17 09 51 999 99.0 99.0  0.85  5.00  3.99 162 9999.0 999.0   9.8 999.0 99.0 99.00
2014 12 17 10 21 999 99.0 99.0  0.86  5.00  3.83 169 9999.0 999.0   9.7 999.0 99.0 99.00
2014 12 17 10 51 999 99.0 99.0  0.83  5.00  3.85 172 9999.0 999.0   9.7 999.0 99.0 99.00
2014 12 17 11 21 999 99.0 99.0  0.83  9.88  3.77  98 9999.0 999.0   9.7 999.0 99.0 99.00
2014 12 17 11 51 999 99.0 99.0  0.89  3.03  3.76 288 9999.0 999.0   9.8 999.0 99.0 99.00
2014 12 17 12 21 999 99.0 99.0  0.88  3.03  3.69 288 9999.0 999.0   9.8 999.0 99.0 99.00
2014 12 17 12 51 999 99.0 99.0  0.76 10.53  3.79  99 9999.0 999.0   9.8 999.0 99.0 99.00
2014 12 17 13 21 999 99.0 99.0  0.77  3.03  3.56 297 9999.0 999.0   9.7 999.0 99.0 99.00
2014 12 17 13 51 999 99.0 99.0  0.89  9.88  3.79  98 9999.0 999.0   9.7 999.0 99.0 99.00
2014 12 17 14 21 999 99.0 99.0  0.88  3.12  3.75 289 9999.0 999.0   9.6 999.0 99.0 99.00
2014 12 17 14 51 999 99.0 99.0  0.86  3.12  3.60 288 9999.0 999.0   9.6 999.0 99.0 99.00
2014 12 17 15 21 999 99.0 99.0  0.87  3.23  3.79 286 9999.0 999.0   9.6 999.0 99.0 99.00
2014 12 17 15 51 999 99.0 99.0  0.82  3.23  3.89 276 9999.0 999.0   9.6 999.0 99.0 99.00
2014 12 17 16 21 999 99.0 99.0  0.85  3.03  3.92 279 9999.0 999.0   9.6 999.0 99.0 99.00
2014 12 17 16 51 999 99.0 99.0  0.87  9.88  4.28  99 9999.0 999.0   9.6 999.0 99.0 99.00
2014 12 17 17 21 999 99.0 99.0  0.90  3.12  4.13 283 9999.0 999.0   9.6 999.0 99.0 99.00
2014 12 17 17 51 999 99.0 99.0  0.94  7.14  4.30 150 9999.0 999.0   9.6 999.0 99.0 99.00
2014 12 17 18 21 999 99.0 99.0  0.92  7.14  4.19 148 9999.0 999.0   9.7 999.0 99.0 99.00
2014 12 17 18 51 999 99.0 99.0  0.98  6.67  4.16 161 9999.0 999.0   9.7 999.0 99.0 99.00
2014 12 17 19 21 999 99.0 99.0  0.97  6.67  4.13 153 9999.0 999.0   9.7 999.0 99.0 99.00
2014 12 17 19 51 999 99.0 99.0  1.03  7.14  4.25 141 9999.0 999.0   9.7 999.0 99.0 99.00
2014 12 17 20 21 999 99.0 99.0  1.11  4.00  4.07 282 9999.0 999.0   9.7 999.0 99.0 99.00
2014 12 17 20 51 999 99.0 99.0  1.03  3.70  4.14 300 9999.0 999.0   9.7 999.0 99.0 99.00
2014 12 17 21 21 999 99.0 99.0  1.03  3.70  4.08 300 9999.0 999.0   9.7 999.0 99.0 99.00
2014 12 17 21 51 999 99.0 99.0  1.07  3.57  4.04 295 9999.0 999.0   9.6 999.0 99.0 99.00
2014 12 17 22 21 999 99.0 99.0  1.15  3.70  3.82 293 9999.0 999.0   9.6 999.0 99.0 99.00
2014 12 17 22 51 999 99.0 99.0  1.21  4.00  3.86 302 9999.0 999.0   9.6 999.0 99.0 99.00
2014 12 17 23 21 999 99.0 99.0  1.35  3.85  3.99 293 9999.0 999.0   9.6 999.0 99.0 99.00
2014 12 17 23 51 999 99.0 99.0  1.39  4.35  3.97 307 9999.0 999.0   9.6 999.0 99.0 99.00
2014 12 18 00 21 999 99.0 99.0  1.33  4.17  3.99 304 9999.0 999.0   9.6 999.0 99.0 99.00
2014 12 18 00 51 999 99.0 99.0  1.27  4.00  3.90 304 9999.0 999.0   9.6 999.0 99.0 99.00
2014 12 18 01 21 999 99.0 99.0  1.23  4.00  3.86 297 9999.0 999.0   9.6 999.0 99.0 99.00
2014 12 18 01 51 999 99.0 99.0  1.32  4.35  3.92 304 9999.0 999.0   9.6 999.0 99.0 99.00
2014 12 18 02 21 999 99.0 99.0  1.28  4.17  3.99 297 9999.0 999.0   9.6 999.0 99.0 99.00
2014 12 18 02 51 999 99.0 99.0  1.18  4.00  3.84 300 9999.0 999.0   9.6 999.0 99.0 99.00
2014 12 18 03 21 999 99.0 99.0  1.15  4.00  3.77 296 9999.0 999.0   9.6 999.0 99.0 99.00
2014 12 18 03 51 999 99.0 99.0  1.11  4.17  3.89 293 9999.0 999.0   9.5 999.0 99.0 99.00
2014 12 18 04 21 999 99.0 99.0  1.29  4.35  3.95 286 9999.0 999.0   9.5 999.0 99.0 99.00
2014 12 18 04 51 999 99.0 99.0  1.22  4.35  3.95 283 9999.0 999.0   9.5 999.0 99.0 99.00
2014 12 18 05 21 999 99.0 99.0  1.34  4.35  4.02 290 9999.0 999.0   9.5 999.0 99.0 99.00
2014 12 18 05 51 999 99.0 99.0  1.37  4.55  4.00 285 9999.0 999.0   9.5 999.0 99.0 99.00
2014 12 18 06 21 999 99.0 99.0  1.47  4.76  4.06 293 9999.0 999.0   9.5 999.0 99.0 99.00
2014 12 18 06 51 999 99.0 99.0  1.53  4.55  4.08 295 9999.0 999.0   9.5 999.0 99.0 99.00
2014 12 18 07 21 999 99.0 99.0  1.63  5.00  4.24 296 9999.0 999.0   9.5 999.0 99.0 99.00
2014 12 18 07 51 999 99.0 99.0  1.52  4.55  4.11 295 9999.0 999.0   9.4 999.0 99.0 99.00
2014 12 18 08 21 999 99.0 99.0  1.47  4.55  4.05 295 9999.0 999.0   9.4 999.0 99.0 99.00
2014 12 18 08 51 999 99.0 99.0  1.64  4.55  4.10 290 9999.0 999.0   9.4 999.0 99.0 99.00
2014 12 18 09 21 999 99.0 99.0  1.42  4.55  3.99 300 9999.0 999.0   9.4 999.0 99.0 99.00
2014 12 18 09 51 999 99.0 99.0  1.38  4.55  3.95 295 9999.0 999.0   9.3 999.0 99.0 99.00
2014 12 18 10 21 999 99.0 99.0  1.38  4.35  3.89 293 9999.0 999.0   9.3 999.0 99.0 99.00
2014 12 18 10 51 999 99.0 99.0  1.35  4.35  3.89 299 9999.0 999.0   9.3 999.0 99.0 99.00
2014 12 18 11 21 999 99.0 99.0  1.45  4.35  3.94 299 9999.0 999.0   9.2 999.0 99.0 99.00
2014 12 18 11 51 999 99.0 99.0  1.41  4.35  3.91 288 9999.0 999.0   9.2 999.0 99.0 99.00
2014 12 18 12 21 999 99.0 99.0  1.40  4.35  3.88 281 9999.0 999.0   9.2 999.0 99.0 99.00
2014 12 18 12 51 999 99.0 99.0  1.41  4.55  3.90 288 9999.0 999.0   9.2 999.0 99.0 99.00
2014 12 18 13 21 999 99.0 99.0  1.49  4.35  3.94 286 9999.0 999.0   9.2 999.0 99.0 99.00
2014 12 18 13 51 999 99.0 99.0  1.37  4.55  3.83 276 9999.0 999.0   9.2 999.0 99.0 99.00
2014 12 18 14 21 999 99.0 99.0  1.47  4.55  3.97 276 9999.0 999.0   9.2 999.0 99.0 99.00
2014 12 18 14 51 999 99.0 99.0  1.37  4.55  3.86 258 9999.0 999.0   9.2 999.0 99.0 99.00
2014 12 18 15 21 999 99.0 99.0  1.30  4.55  3.82 262 9999.0 999.0   9.2 999.0 99.0 99.00
2014 12 18 15 51 999 99.0 99.0  1.29  4.55  3.81 269 9999.0 999.0   9.2 999.0 99.0 99.00
2014 12 18 16 21 999 99.0 99.0  1.35  4.35  3.90 278 9999.0 999.0   9.2 999.0 99.0 99.00
2014 12 18 16 51 999 99.0 99.0  1.39  4.35  3.96 281 9999.0 999.0   9.2 999.0 99.0 99.00
2014 12 18 17 21 999 99.0 99.0  1.37  4.55  4.00 281 9999.0 999.0   9.2 999.0 99.0 99.00
2014 12 18 17 51 999 99.0 99.0  1.26  4.55  3.83 295 9999.0 999.0   9.2 999.0 99.0 99.00
2014 12 18 18 21 999 99.0 99.0  1.30  4.55  3.97 303 9999.0 999.0   9.2 999.0 99.0 99.00
2014 12 18 18 51 999 99.0 99.0  1.31  4.55  3.93 306 9999.0 999.0   9.2 999.0 99.0 99.00
2014 12 18 19 21 999 99.0 99.0  1.17  4.55  3.90 313 9999.0 999.0   9.2 999.0 99.0 99.00
2014 12 18 19 51 999 99.0 99.0  1.13  4.35  3.84 307 9999.0 999.0   9.2 999.0 99.0 99.00
2014 12 18 20 21 999 99.0 99.0  1.10  4.76  3.79 337 9999.0 999.0   9.2 999.0 99.0 99.00
2014 12 18 20 51 999 99.0 99.0  1.16  4.55  3.83 318 9999.0 999.0   9.2 999.0 99.0 99.00
2014 12 18 21 21 999 99.0 99.0  1.17  4.76  3.85 328 9999.0 999.0   9.2 999.0 99.0 99.00
2014 12 18 21 51 999 99.0 99.0  1.11  4.00  3.72 309 9999.0 999.0   9.1 999.0 99.0 99.00
2014 12 18 22 21 999 99.0 99.0  1.12  4.55  3.74 333 9999.0 999.0   9.1 999.0 99.0 99.00
2014 12 18 22 51 999 99.0 99.0  1.14  4.00  3.72 320 9999.0 999.0   9.1 999.0 99.0 99.00
2014 12 18 23 21 999 99.0 99.0  1.15  4.55  3.73 337 9999.0 999.0   9.1 999.0 99.0 99.00
2014 12 18 23 51 999 99.0 99.0  1.08  4.35  3.71 337 9999.0 999.0   9.0 999.0 99.0 99.00
2014 12 19 00 21 999 99.0 99.0  1.03  4.17  3.59 337 9999.0 999.0   9.0 999.0 99.0 99.00
2014 12 19 00 51 999 99.0 99.0  1.02  3.57  3.56 290 9999.0 999.0   9.0 999.0 99.0 99.00
2014 12 19 01 21 999 99.0 99.0  1.02  3.57  3.55 283 9999.0 999.0   9.0 999.0 99.0 99.00
2014 12 19 01 51 999 99.0 99.0  1.04  3.45  3.59 297 9999.0 999.0   9.0 999.0 99.0 99.00
2014 12 19 02 21 999 99.0 99.0  1.11  3.57  3.62 282 9999.0 999.0   9.0 999.0 99.0 99.00
2014 12 19 03 21 999 99.0 99.0  1.12  3.85  3.64 285 9999.0 999.0   8.9 999.0 99.0 99.00
2014 12 19 03 51 999 99.0 99.0  1.13  3.70  3.75 278 9999.0 999.0   8.9 999.0 99.0 99.00
2014 12 19 04 21 999 99.0 99.0  1.07  3.57  3.61 279 9999.0 999.0   8.9 999.0 99.0 99.00
2014 12 19 04 51 999 99.0 99.0  1.08  4.17  3.69 250 9999.0 999.0   8.9 999.0 99.0 99.00
2014 12 19 05 21 999 99.0 99.0  1.02  3.85  3.60 276 9999.0 999.0   8.9 999.0 99.0 99.00
2014 12 19 05 51 999 99.0 99.0  1.03  3.85  3.62 299 9999.0 999.0   8.9 999.0 99.0 99.00
2014 12 19 06 21 999 99.0 99.0  1.00  4.00  3.60 292 9999.0 999.0   8.9 999.0 99.0 99.00
2014 12 19 06 51 999 99.0 99.0  1.12  4.17  3.65 290 9999.0 999.0   8.9 999.0 99.0 99.00
2014 12 19 07 21 999 99.0 99.0  1.10  4.00  3.68 300 9999.0 999.0   9.0 999.0 99.0 99.00
2014 12 19 07 51 999 99.0 99.0  1.16  4.00  3.68 290 9999.0 999.0   8.9 999.0 99.0 99.00
2014 12 19 08 21 999 99.0 99.0  0.98  4.17  3.55 293 9999.0 999.0   9.0 999.0 99.0 99.00
2014 12 19 08 51 999 99.0 99.0  1.12  4.00  3.63 303 9999.0 999.0   9.0 999.0 99.0 99.00
2014 12 19 09 21 999 99.0 99.0  1.00  4.00  3.57 309 9999.0 999.0   8.9 999.0 99.0 99.00
2014 12 19 09 51 999 99.0 99.0  1.03  3.70  3.52 303 9999.0 999.0   8.9 999.0 99.0 99.00
2014 12 19 10 21 999 99.0 99.0  0.99  3.70  3.48 303 9999.0 999.0   8.9 999.0 99.0 99.00
2014 12 19 10 51 999 99.0 99.0  0.97  3.85  3.45 306 9999.0 999.0   8.9 999.0 99.0 99.00
2014 12 19 11 21 999 99.0 99.0  0.93  3.85  3.44 288 9999.0 999.0   8.9 999.0 99.0 99.00
2014 12 19 11 51 999 99.0 99.0  1.02  3.85  3.48 288 9999.0 999.0   8.9 999.0 99.0 99.00
2014 12 19 12 21 999 99.0 99.0  0.95  3.57  3.52 295 9999.0 999.0   8.9 999.0 99.0 99.00
2014 12 19 12 51 999 99.0 99.0  0.99  3.57  3.51 293 9999.0 999.0   8.9 999.0 99.0 99.00
2014 12 19 13 51 999 99.0 99.0  0.99  3.45  3.52 286 9999.0 999.0   8.8 999.0 99.0 99.00
2014 12 19 14 21 999 99.0 99.0  0.90  3.45  3.47 303 9999.0 999.0   8.8 999.0 99.0 99.00
2014 12 19 14 51 999 99.0 99.0  0.94  3.45  3.46 299 9999.0 999.0   8.9 999.0 99.0 99.00
2014 12 19 15 21 999 99.0 99.0  0.91  3.45  3.50 286 9999.0 999.0   8.9 999.0 99.0 99.00
2014 12 19 15 51 999 99.0 99.0  0.96  3.33  3.47 296 9999.0 999.0   8.8 999.0 99.0 99.00
2014 12 19 16 21 999 99.0 99.0  0.92  3.45  3.50 307 9999.0 999.0   8.9 999.0 99.0 99.00
2014 12 19 16 51 999 99.0 99.0  0.84  3.57  3.48 306 9999.0 999.0   8.8 999.0 99.0 99.00
2014 12 19 17 21 999 99.0 99.0  0.84  4.17  3.51 330 9999.0 999.0   8.8 999.0 99.0 99.00
2014 12 19 17 51 999 99.0 99.0  0.91  4.17  3.51 340 9999.0 999.0   8.9 999.0 99.0 99.00
2014 12 19 18 21 999 99.0 99.0  0.97  3.57  3.64 304 9999.0 999.0   8.9 999.0 99.0 99.00
2014 12 19 18 51 999 99.0 99.0  0.88  3.70  3.58 318 9999.0 999.0   8.9 999.0 99.0 99.00
2014 12 19 19 21 999 99.0 99.0  0.87  4.17  3.60 342 9999.0 999.0   8.9 999.0 99.0 99.00
2014 12 19 19 51 999 99.0 99.0  0.90  4.55  3.69 358 9999.0 999.0   8.9 999.0 99.0 99.00
2014 12 19 20 21 999 99.0 99.0  0.96  4.55  3.75   1 9999.0 999.0   8.9 999.0 99.0 99.00
2014 12 19 20 51 999 99.0 99.0  0.93  4.76  3.68 359 9999.0 999.0   8.9 999.0 99.0 99.00
2014 12 19 21 21 999 99.0 99.0  0.90  4.55  3.63 354 9999.0 999.0   9.0 999.0 99.0 99.00
2014 12 19 21 51 999 99.0 99.0  0.94  4.55  3.59 356 9999.0 999.0   9.0 999.0 99.0 99.00
2014 12 19 22 21 999 99.0 99.0  0.93  4.35  3.60 355 9999.0 999.0   9.0 999.0 99.0 99.00
2014 12 19 22 51 999 99.0 99.0  0.92  4.00  3.58 355 9999.0 999.0   9.0 999.0 99.0 99.00
2014 12 19 23 21 999 99.0 99.0  0.87  4.35  3.51 352 9999.0 999.0   9.0 999.0 99.0 99.00
2014 12 19 23 51 999 99.0 99.0  1.00  4.35  3.57 356 9999.0 999.0   8.9 999.0 99.0 99.00
2014 12 20 00 21 999 99.0 99.0  0.98  4.35  3.65 352 9999.0 999.0   8.9 999.0 99.0 99.00
2014 12 20 00 51 999 99.0 99.0  0.97  4.55  3.61 355 9999.0 999.0   8.9 999.0 99.0 99.00
2014 12 20 01 21 999 99.0 99.0  0.97  4.55  3.63 359 9999.0 999.0   8.9 999.0 99.0 99.00
2014 12 20 01 51 999 99.0 99.0  0.98  4.55  3.67   2 9999.0 999.0   8.9 999.0 99.0 99.00
2014 12 20 02 21 999 99.0 99.0  0.95  4.76  3.65   1 9999.0 999.0   8.9 999.0 99.0 99.00
2014 12 20 02 51 999 99.0 99.0  0.85  4.55  3.68 358 9999.0 999.0   8.9 999.0 99.0 99.00
2014 12 20 03 21 999 99.0 99.0  0.81  4.55  3.55   2 9999.0 999.0   8.9 999.0 99.0 99.00
2014 12 20 03 51 999 99.0 99.0  0.85  4.55  3.67 358 9999.0 999.0   8.9 999.0 99.0 99.00
2014 12 20 04 21 999 99.0 99.0  0.80  4.00  3.52 355 9999.0 999.0   9.0 999.0 99.0 99.00
2014 12 20 04 51 999 99.0 99.0  0.76  4.35  3.48 356 9999.0 999.0   9.1 999.0 99.0 99.00
2014 12 20 05 21 999 99.0 99.0  0.75  4.55  3.52   1 9999.0 999.0   9.1 999.0 99.0 99.00
2014 12 20 05 51 999 99.0 99.0  0.75  4.17  3.49 354 9999.0 999.0   9.1 999.0 99.0 99.00
2014 12 20 06 21 999 99.0 99.0  0.70  4.35  3.49 356 9999.0 999.0   9.2 999.0 99.0 99.00
2014 12 20 06 51 999 99.0 99.0  0.72  4.00  3.43 349 9999.0 999.0   9.2 999.0 99.0 99.00
2014 12 20 07 21 999 99.0 99.0  0.68  4.17  3.42 355 9999.0 999.0   9.2 999.0 99.0 99.00
2014 12 20 07 51 999 99.0 99.0  0.69  3.85  3.45 351 9999.0 999.0   9.3 999.0 99.0 99.00
2014 12 20 08 21 999 99.0 99.0  0.64  3.70  3.33 354 9999.0 999.0   9.3 999.0 99.0 99.00
2014 12 20 08 51 999 99.0 99.0  0.62  3.85  3.31 358 9999.0 999.0   9.3 999.0 99.0 99.00
2014 12 20 09 21 999 99.0 99.0  0.66  3.57  3.27 358 9999.0 999.0   9.3 999.0 99.0 99.00
2014 12 20 09 51 999 99.0 99.0  0.61  3.70  3.21 356 9999.0 999.0   9.4 999.0 99.0 99.00
2014 12 20 10 21 999 99.0 99.0  0.66  3.57  3.16 355 9999.0 999.0   9.4 999.0 99.0 99.00
2014 12 20 10 51 999 99.0 99.0  0.64  3.45  3.23 349 9999.0 999.0   9.4 999.0 99.0 99.00
2014 12 20 11 21 999 99.0 99.0  0.71  3.70  3.28 352 9999.0 999.0   9.4 999.0 99.0 99.00
2014 12 20 11 51 999 99.0 99.0  0.70  3.45  3.25 348 9999.0 999.0   9.4 999.0 99.0 99.00
2014 12 20 12 21 999 99.0 99.0  0.77  3.57  3.32   2 9999.0 999.0   9.4 999.0 99.0 99.00
2014 12 20 12 51 999 99.0 99.0  0.76  3.45  3.37 358 9999.0 999.0   9.4 999.0 99.0 99.00
2014 12 20 13 21 999 99.0 99.0  0.77  4.17  3.44  37 9999.0 999.0   9.4 999.0 99.0 99.00
2014 12 20 13 51 999 99.0 99.0  0.75  4.00  3.40  29 9999.0 999.0   9.4 999.0 99.0 99.00
2014 12 20 14 21 999 99.0 99.0  0.66  4.00  3.22  16 9999.0 999.0   9.4 999.0 99.0 99.00
2014 12 20 14 51 999 99.0 99.0  0.64  3.85  3.27  12 9999.0 999.0   9.4 999.0 99.0 99.00
2014 12 20 15 21 999 99.0 99.0  0.59  3.57  3.28   9 9999.0 999.0   9.4 999.0 99.0 99.00
2014 12 20 15 51 999 99.0 99.0  0.60  3.85  3.15   3 9999.0 999.0   9.4 999.0 99.0 99.00
2014 12 20 16 21 999 99.0 99.0  0.57  3.45  3.30   9 9999.0 999.0   9.4 999.0 99.0 99.00
2014 12 20 16 51 999 99.0 99.0  0.56  3.45  3.28  16 9999.0 999.0   9.4 999.0 99.0 99.00
2014 12 20 17 21 999 99.0 99.0  0.53  3.45  3.27   5 9999.0 999.0   9.4 999.0 99.0 99.00
2014 12 20 17 51 999 99.0 99.0  0.52  3.45  3.30   9 9999.0 999.0   9.4 999.0 99.0 99.00
2014 12 20 18 21 999 99.0 99.0  0.53  3.45  3.26  12 9999.0 999.0   9.4 999.0 99.0 99.00
2014 12 20 18 51 999 99.0 99.0  0.51  3.45  3.37  12 9999.0 999.0   9.4 999.0 99.0 99.00
2014 12 20 19 21 999 99.0 99.0  0.53  3.57  3.35  32 9999.0 999.0   9.5 999.0 99.0 99.00
2014 12 20 19 51 999 99.0 99.0  0.52  3.33  3.30  12 9999.0 999.0   9.5 999.0 99.0 99.00
2014 12 20 20 21 999 99.0 99.0  0.50  3.23  3.29   9 9999.0 999.0   9.5 999.0 99.0 99.00
2014 12 20 20 51 999 99.0 99.0  0.50  3.33  3.36  16 9999.0 999.0   9.5 999.0 99.0 99.00
2014 12 20 21 21 999 99.0 99.0  0.50  3.33  3.25  19 9999.0 999.0   9.5 999.0 99.0 99.00
2014 12 20 21 51 999 99.0 99.0  0.53  3.12  3.27   3 9999.0 999.0   9.5 999.0 99.0 99.00
2014 12 20 22 21 999 99.0 99.0  0.52  3.03  3.38 359 9999.0 999.0   9.5 999.0 99.0 99.00
2014 12 20 22 51 999 99.0 99.0  0.52  3.23  3.39  16 9999.0 999.0   9.5 999.0 99.0 99.00
2014 12 20 23 21 999 99.0 99.0  0.47  3.23  3.34  30 9999.0 999.0   9.5 999.0 99.0 99.00
2014 12 20 23 51 999 99.0 99.0  0.49  3.33  3.41  36 9999.0 999.0   9.5 999.0 99.0 99.00
2014 12 21 00 21 999 99.0 99.0  0.48 10.53  3.43 115 9999.0 999.0   9.5 999.0 99.0 99.00
2014 12 21 00 51 999 99.0 99.0  0.48 11.11  3.37  95 9999.0 999.0   9.5 999.0 99.0 99.00
2014 12 21 01 21 999 99.0 99.0  0.46  9.88  3.43 108 9999.0 999.0   9.5 999.0 99.0 99.00
2014 12 21 01 51 999 99.0 99.0  0.45 11.11  3.44  98 9999.0 999.0   9.5 999.0 99.0 99.00
2014 12 21 02 21 999 99.0 99.0  0.44  3.33  3.44  37 9999.0 999.0   9.4 999.0 99.0 99.00
2014 12 21 02 51 999 99.0 99.0  0.44 10.53  3.54  93 9999.0 999.0   9.4 999.0 99.0 99.00
2014 12 21 03 21 999 99.0 99.0  0.46  3.03  3.43  15 9999.0 999.0   9.4 999.0 99.0 99.00
2014 12 21 03 51 999 99.0 99.0  0.44 10.53  3.47 102 9999.0 999.0   9.4 999.0 99.0 99.00
2014 12 21 04 21 999 99.0 99.0  0.42 10.53  3.82 103 9999.0 999.0   9.5 999.0 99.0 99.00
2014 12 21 04 51 999 99.0 99.0  0.40 11.11  3.66 117 9999.0 999.0   9.5 999.0 99.0 99.00
2014 12 21 05 21 999 99.0 99.0  0.40  9.88  3.85 101 9999.0 999.0   9.5 999.0 99.0 99.00
2014 12 21 05 51 999 99.0 99.0  0.40  9.88  3.85 115 9999.0 999.0   9.6 999.0 99.0 99.00
2014 12 21 06 21 999 99.0 99.0  0.40 11.11  3.51 113 9999.0 999.0   9.6 999.0 99.0 99.00
2014 12 21 06 51 999 99.0 99.0  0.44 10.53  3.43  99 9999.0 999.0   9.7 999.0 99.0 99.00
2014 12 21 07 21 999 99.0 99.0  0.45  9.88  3.67 112 9999.0 999.0   9.7 999.0 99.0 99.00
2014 12 21 07 51 999 99.0 99.0  0.47 10.53  3.46 116 9999.0 999.0   9.6 999.0 99.0 99.00
2014 12 21 08 21 999 99.0 99.0  0.47  9.88  3.53 126 9999.0 999.0   9.6 999.0 99.0 99.00
2014 12 21 08 51 999 99.0 99.0  0.50  2.86  3.42 311 9999.0 999.0   9.6 999.0 99.0 99.00
2014 12 21 09 21 999 99.0 99.0  0.52  3.12  3.33 311 9999.0 999.0   9.6 999.0 99.0 99.00
2014 12 21 09 51 999 99.0 99.0  0.58  3.23  3.36 313 9999.0 999.0   9.6 999.0 99.0 99.00
2014 12 21 10 21 999 99.0 99.0  0.60  3.23  3.33 318 9999.0 999.0   9.6 999.0 99.0 99.00
2014 12 21 10 51 999 99.0 99.0  0.63  3.33  3.30 320 9999.0 999.0   9.6 999.0 99.0 99.00
2014 12 21 11 21 999 99.0 99.0  0.64  3.33  3.44 331 9999.0 999.0   9.6 999.0 99.0 99.00
2014 12 21 11 51 999 99.0 99.0  0.61  3.33  3.45 334 9999.0 999.0   9.6 999.0 99.0 99.00
2014 12 21 12 21 999 99.0 99.0  0.60  3.23  3.52 335 9999.0 999.0   9.6 999.0 99.0 99.00
2014 12 21 12 51 999 99.0 99.0  0.64  3.33  3.56 342 9999.0 999.0   9.6 999.0 99.0 99.00
2014 12 21 13 21 999 99.0 99.0  0.64  3.23  3.46 342 9999.0 999.0   9.6 999.0 99.0 99.00
2014 12 21 13 51 999 99.0 99.0  0.62 10.53  3.53 126 9999.0 999.0   9.6 999.0 99.0 99.00
2014 12 21 14 21 999 99.0 99.0  0.65  9.88  3.51 123 9999.0 999.0   9.6 999.0 99.0 99.00
2014 12 21 14 51 999 99.0 99.0  0.65  3.12  3.49 342 9999.0 999.0   9.6 999.0 99.0 99.00
2014 12 21 15 21 999 99.0 99.0  0.62  9.88  3.51 106 9999.0 999.0   9.6 999.0 99.0 99.00
2014 12 21 15 51 999 99.0 99.0  0.62 11.11  3.56 105 9999.0 999.0   9.6 999.0 99.0 99.00
2014 12 21 16 21 999 99.0 99.0  0.60 10.53  3.54 106 9999.0 999.0   9.6 999.0 99.0 99.00
2014 12 21 16 51 999 99.0 99.0  0.61  5.56  3.51  72 9999.0 999.0   9.6 999.0 99.0 99.00
2014 12 21 17 21 999 99.0 99.0  0.64 10.53  3.47 105 9999.0 999.0   9.6 999.0 99.0 99.00
2014 12 21 17 51 999 99.0 99.0  0.67  3.12  3.34 342 9999.0 999.0   9.6 999.0 99.0 99.00
2014 12 21 18 21 999 99.0 99.0  0.64  3.33  3.34 338 9999.0 999.0   9.6 999.0 99.0 99.00
2014 12 21 18 51 999 99.0 99.0  0.66  3.33  3.41 333 9999.0 999.0   9.6 999.0 99.0 99.00
2014 12 21 19 21 999 99.0 99.0  0.62  3.23  3.47 333 9999.0 999.0   9.7 999.0 99.0 99.00
2014 12 21 19 51 999 99.0 99.0  0.62  3.23  3.41 338 9999.0 999.0   9.7 999.0 99.0 99.00
2014 12 21 20 21 999 99.0 99.0  0.63  3.23  3.45 337 9999.0 999.0   9.7 999.0 99.0 99.00
2014 12 21 20 51 999 99.0 99.0  0.63  3.33  3.46 347 9999.0 999.0   9.7 999.0 99.0 99.00
2014 12 21 21 21 999 99.0 99.0  0.60  3.33  3.44 349 9999.0 999.0   9.7 999.0 99.0 99.00
2014 12 21 21 51 999 99.0 99.0  0.55  3.45  3.46 349 9999.0 999.0   9.7 999.0 99.0 99.00
2014 12 21 22 21 999 99.0 99.0  0.58  3.45  3.53 351 9999.0 999.0   9.6 999.0 99.0 99.00
2014 12 21 22 51 999 99.0 99.0  0.59  3.33  3.56   2 9999.0 999.0   9.6 999.0 99.0 99.00
2014 12 21 23 21 999 99.0 99.0  0.58  9.88  3.59 120 9999.0 999.0   9.6 999.0 99.0 99.00
2014 12 21 23 51 999 99.0 99.0  0.56  3.03  3.45 355 9999.0 999.0   9.6 999.0 99.0 99.00
2014 12 22 00 21 999 99.0 99.0  0.59 10.53  3.69 113 9999.0 999.0   9.6 999.0 99.0 99.00
2014 12 22 00 51 999 99.0 99.0  0.56  3.33  3.77 358 9999.0 999.0   9.6 999.0 99.0 99.00
2014 12 22 01 21 999 99.0 99.0  0.52  9.88  3.90  99 9999.0 999.0   9.7 999.0 99.0 99.00
2014 12 22 01 51 999 99.0 99.0  0.53  9.88  3.96 105 9999.0 999.0   9.7 999.0 99.0 99.00
2014 12 22 02 21 999 99.0 99.0  0.56  9.88  4.20 108 9999.0 999.0   9.7 999.0 99.0 99.00
2014 12 22 02 51 999 99.0 99.0  0.54  9.88  3.92 115 9999.0 999.0   9.6 999.0 99.0 99.00
2014 12 22 03 21 999 99.0 99.0  0.53  9.88  4.07 109 9999.0 999.0   9.6 999.0 99.0 99.00
2014 12 22 03 51 999 99.0 99.0  0.51  9.88  3.89 109 9999.0 999.0   9.6 999.0 99.0 99.00
2014 12 22 04 21 999 99.0 99.0  0.50  9.88  4.05 106 9999.0 999.0   9.6 999.0 99.0 99.00
2014 12 22 04 51 999 99.0 99.0  0.52  5.00  4.03  60 9999.0 999.0   9.6 999.0 99.0 99.00
2014 12 22 05 21 999 99.0 99.0  0.52  9.88  4.45 116 9999.0 999.0   9.5 999.0 99.0 99.00
2014 12 22 05 51 999 99.0 99.0  0.48  9.88  4.33 119 9999.0 999.0   9.5 999.0 99.0 99.00
2014 12 22 06 21 999 99.0 99.0  0.50  9.88  4.32 106 9999.0 999.0   9.6 999.0 99.0 99.00
2014 12 22 06 51 999 99.0 99.0  0.52  9.88  4.73 119 9999.0 999.0   9.6 999.0 99.0 99.00
2014 12 22 07 21 999 99.0 99.0  0.51  9.88  4.63  92 9999.0 999.0   9.6 999.0 99.0 99.00
2014 12 22 07 51 999 99.0 99.0  0.55  9.09  4.94 106 9999.0 999.0   9.5 999.0 99.0 99.00
2014 12 22 08 21 999 99.0 99.0  0.60  7.69  4.99  93 9999.0 999.0   9.5 999.0 99.0 99.00
2014 12 22 08 51 999 99.0 99.0  0.67  5.26  5.32  61 9999.0 999.0   9.6 999.0 99.0 99.00
2014 12 22 09 21 999 99.0 99.0  0.66  5.26  5.16  56 9999.0 999.0   9.6 999.0 99.0 99.00
2014 12 22 09 51 999 99.0 99.0  0.66  7.14  5.08  92 9999.0 999.0   9.6 999.0 99.0 99.00
2014 12 22 10 21 999 99.0 99.0  0.67  6.67  5.02  89 9999.0 999.0   9.6 999.0 99.0 99.00
2014 12 22 10 51 999 99.0 99.0  0.73  9.88  4.99 102 9999.0 999.0   9.6 999.0 99.0 99.00
2014 12 22 11 21 999 99.0 99.0  0.79  7.14  4.57  85 9999.0 999.0   9.6 999.0 99.0 99.00
2014 12 22 11 51 999 99.0 99.0  0.79  5.00  4.54  56 9999.0 999.0   9.6 999.0 99.0 99.00
2014 12 22 12 21 999 99.0 99.0  0.83  5.56  4.48  61 9999.0 999.0   9.6 999.0 99.0 99.00
2014 12 22 12 51 999 99.0 99.0  0.81  5.88  4.41  70 9999.0 999.0   9.6 999.0 99.0 99.00
2014 12 22 13 21 999 99.0 99.0  0.83  5.88  4.41  65 9999.0 999.0   9.6 999.0 99.0 99.00
2014 12 22 13 51 999 99.0 99.0  0.85  9.88  4.43  85 9999.0 999.0   9.6 999.0 99.0 99.00
2014 12 22 14 21 999 99.0 99.0  0.86 10.53  4.48  93 9999.0 999.0   9.6 999.0 99.0 99.00
2014 12 22 14 51 999 99.0 99.0  0.78  5.88  4.33  60 9999.0 999.0   9.5 999.0 99.0 99.00
2014 12 22 15 21 999 99.0 99.0  0.81 10.53  4.31 101 9999.0 999.0   9.5 999.0 99.0 99.00
2014 12 22 15 51 999 99.0 99.0  0.84  9.88  4.51 103 9999.0 999.0   9.5 999.0 99.0 99.00
2014 12 22 16 21 999 99.0 99.0  0.84  9.09  4.43  91 9999.0 999.0   9.4 999.0 99.0 99.00
2014 12 22 16 51 999 99.0 99.0  0.77 10.53  4.39 109 9999.0 999.0   9.4 999.0 99.0 99.00
2014 12 22 17 21 999 99.0 99.0  0.78  8.33  4.64  92 9999.0 999.0   9.4 999.0 99.0 99.00
2014 12 22 17 51 999 99.0 99.0  0.75  9.09  4.85  91 9999.0 999.0   9.5 999.0 99.0 99.00
2014 12 22 18 21 999 99.0 99.0  0.76  5.26  4.84  54 9999.0 999.0   9.5 999.0 99.0 99.00
2014 12 22 18 51 999 99.0 99.0  0.78  9.09  4.88  99 9999.0 999.0   9.5 999.0 99.0 99.00
2014 12 22 19 21 999 99.0 99.0  0.79  8.33  4.93  93 9999.0 999.0   9.5 999.0 99.0 99.00
2014 12 22 19 51 999 99.0 99.0  0.78  4.76  4.97  56 9999.0 999.0   9.5 999.0 99.0 99.00
2014 12 22 20 21 999 99.0 99.0  0.80  8.33  5.13  95 9999.0 999.0   9.4 999.0 99.0 99.00
2014 12 22 20 51 999 99.0 99.0  0.86  7.14  5.21  93 9999.0 999.0   9.4 999.0 99.0 99.00
2014 12 22 21 21 999 99.0 99.0  0.78  7.14  5.13  92 9999.0 999.0   9.4 999.0 99.0 99.00
2014 12 22 21 51 999 99.0 99.0  0.88  8.33  5.15  89 9999.0 999.0   9.3 999.0 99.0 99.00
2014 12 22 22 21 999 99.0 99.0  0.84  7.14  5.06  91 9999.0 999.0   9.6 999.0 99.0 99.00
2014 12 22 22 51 999 99.0 99.0  0.86  8.33  5.04  92 9999.0 999.0   9.6 999.0 99.0 99.00
2014 12 22 23 21 999 99.0 99.0  0.89  8.33  4.91 101 9999.0 999.0   9.6 999.0 99.0 99.00
2014 12 22 23 51 999 99.0 99.0  0.97  5.88  4.95  70 9999.0 999.0   9.7 999.0 99.0 99.00
2014 12 23 00 21 999 99.0 99.0  1.01  5.56  4.98  57 9999.0 999.0   9.6 999.0 99.0 99.00
2014 12 23 00 51 999 99.0 99.0  1.10  5.56  5.34  58 9999.0 999.0   9.6 999.0 99.0 99.00
2014 12 23 01 21 999 99.0 99.0  1.04  5.88  5.34  57 9999.0 999.0   9.6 999.0 99.0 99.00
2014 12 23 01 51 999 99.0 99.0  1.05  5.88  5.33  67 9999.0 999.0   9.6 999.0 99.0 99.00
2014 12 23 02 21 999 99.0 99.0  1.13  5.88  5.40  63 9999.0 999.0   9.5 999.0 99.0 99.00
2014 12 23 02 51 999 99.0 99.0  1.16  5.88  5.31  63 9999.0 999.0   9.5 999.0 99.0 99.00
2014 12 23 03 21 999 99.0 99.0  1.13  6.25  5.17  67 9999.0 999.0   9.5 999.0 99.0 99.00
2014 12 23 03 51 999 99.0 99.0  1.21  5.88  5.23  68 9999.0 999.0   9.4 999.0 99.0 99.00
2014 12 23 04 21 999 99.0 99.0  1.11  6.25  5.06  72 9999.0 999.0   9.4 999.0 99.0 99.00
2014 12 23 04 51 999 99.0 99.0  1.15  5.88  5.03  71 9999.0 999.0   9.3 999.0 99.0 99.00
2014 12 23 05 21 999 99.0 99.0  1.25  6.25  5.01  74 9999.0 999.0   9.4 999.0 99.0 99.00
2014 12 23 05 51 999 99.0 99.0  1.25  5.88  4.97  75 9999.0 999.0   9.3 999.0 99.0 99.00
2014 12 23 06 21 999 99.0 99.0  1.40  6.25  5.10  75 9999.0 999.0   9.2 999.0 99.0 99.00
2014 12 23 06 51 999 99.0 99.0  1.36  6.25  5.12  74 9999.0 999.0   9.3 999.0 99.0 99.00
2014 12 23 07 21 999 99.0 99.0  1.35  6.25  4.96  78 9999.0 999.0   9.2 999.0 99.0 99.00
2014 12 23 07 51 999 99.0 99.0  1.41  6.25  5.16  72 9999.0 999.0   9.2 999.0 99.0 99.00
2014 12 23 08 21 999 99.0 99.0  1.43  6.67  5.16  74 9999.0 999.0   9.4 999.0 99.0 99.00
2014 12 23 08 51 999 99.0 99.0  1.49  6.67  5.11  74 9999.0 999.0   9.6 999.0 99.0 99.00
2014 12 23 09 21 999 99.0 99.0  1.56  6.67  5.35  78 9999.0 999.0  10.1 999.0 99.0 99.00
2014 12 23 09 51 999 99.0 99.0  1.59  6.67  5.34  74 9999.0 999.0  10.2 999.0 99.0 99.00
2014 12 23 10 21 999 99.0 99.0  1.78  7.14  5.29  81 9999.0 999.0  10.3 999.0 99.0 99.00
2014 12 23 10 51 999 99.0 99.0  1.92  7.14  5.35  74 9999.0 999.0  10.4 999.0 99.0 99.00
2014 12 23 11 21 999 99.0 99.0  2.05  7.69  5.23  78 9999.0 999.0  10.5 999.0 99.0 99.00
2014 12 23 11 51 999 99.0 99.0  2.00  7.14  5.17  85 9999.0 999.0  10.5 999.0 99.0 99.00
2014 12 23 12 21 999 99.0 99.0  2.19  6.67  5.34  79 9999.0 999.0  10.5 999.0 99.0 99.00
2014 12 23 12 51 999 99.0 99.0  2.31  7.14  5.46  78 9999.0 999.0  10.5 999.0 99.0 99.00
2014 12 23 13 21 999 99.0 99.0  2.40  7.14  5.58  71 9999.0 999.0  10.5 999.0 99.0 99.00
2014 12 23 13 51 999 99.0 99.0  2.56  7.69  5.68  81 9999.0 999.0  10.5 999.0 99.0 99.00
2014 12 23 14 21 999 99.0 99.0  2.53  7.14  5.57  82 9999.0 999.0  10.4 999.0 99.0 99.00
2014 12 23 14 51 999 99.0 99.0  2.71  7.14  5.78  86 9999.0 999.0  10.5 999.0 99.0 99.00
2014 12 23 15 21 999 99.0 99.0  2.96  7.14  6.02  81 9999.0 999.0  10.5 999.0 99.0 99.00
2014 12 23 15 51 999 99.0 99.0  2.93  7.69  6.17  88 9999.0 999.0  10.6 999.0 99.0 99.00
2014 12 23 16 21 999 99.0 99.0  2.91  7.69  6.19  86 9999.0 999.0  10.8 999.0 99.0 99.00
2014 12 23 16 51 999 99.0 99.0  2.98  7.69  6.16  85 9999.0 999.0  10.7 999.0 99.0 99.00
2014 12 23 17 21 999 99.0 99.0  3.12  8.33  6.27  96 9999.0 999.0  10.7 999.0 99.0 99.00
2014 12 23 17 51 999 99.0 99.0  2.89  7.69  6.18  91 9999.0 999.0  10.7 999.0 99.0 99.00
2014 12 23 18 21 999 99.0 99.0  3.01  7.69  6.33  98 9999.0 999.0  10.7 999.0 99.0 99.00
2014 12 23 18 51 999 99.0 99.0  2.75  7.69  6.10  92 9999.0 999.0  10.7 999.0 99.0 99.00
2014 12 23 19 21 999 99.0 99.0  2.77  7.69  6.22  85 9999.0 999.0  10.7 999.0 99.0 99.00
2014 12 23 19 51 999 99.0 99.0  2.81  7.69  6.15  86 9999.0 999.0  10.7 999.0 99.0 99.00
2014 12 23 20 21 999 99.0 99.0  2.80  7.69  6.37 102 9999.0 999.0  10.6 999.0 99.0 99.00
2014 12 23 20 51 999 99.0 99.0  2.66  7.69  6.32  92 9999.0 999.0  10.6 999.0 99.0 99.00
2014 12 23 21 21 999 99.0 99.0  2.46  7.69  6.15  93 9999.0 999.0  10.6 999.0 99.0 99.00
2014 12 23 21 51 999 99.0 99.0  2.62  7.69  6.39 105 9999.0 999.0  10.6 999.0 99.0 99.00
2014 12 23 22 21 999 99.0 99.0  2.52  7.69  6.08  92 9999.0 999.0  10.6 999.0 99.0 99.00
2014 12 23 22 51 999 99.0 99.0  2.60  7.69  6.22  99 9999.0 999.0  10.6 999.0 99.0 99.00
2014 12 23 23 21 999 99.0 99.0  2.42  7.69  6.05 103 9999.0 999.0  10.6 999.0 99.0 99.00
2014 12 23 23 51 999 99.0 99.0  2.26  8.33  5.94 110 9999.0 999.0  10.6 999.0 99.0 99.00
2014 12 24 00 21 999 99.0 99.0  2.36  8.33  6.12  98 9999.0 999.0  10.6 999.0 99.0 99.00
2014 12 24 00 51 999 99.0 99.0  2.45  7.69  6.08 101 9999.0 999.0  10.7 999.0 99.0 99.00
2014 12 24 01 21 999 99.0 99.0  2.02  8.33  5.72 109 9999.0 999.0  10.7 999.0 99.0 99.00
2014 12 24 01 51 999 99.0 99.0  2.13  7.14  6.01  88 9999.0 999.0  10.7 999.0 99.0 99.00
2014 12 24 02 21 999 99.0 99.0  2.29  7.69  6.07 101 9999.0 999.0  10.7 999.0 99.0 99.00
2014 12 24 02 51 999 99.0 99.0  2.11  7.69  5.94 102 9999.0 999.0  10.7 999.0 99.0 99.00
2014 12 24 03 21 999 99.0 99.0  2.07  8.33  5.99 113 9999.0 999.0  10.7 999.0 99.0 99.00
2014 12 24 03 51 999 99.0 99.0  1.91  7.14  5.72  95 9999.0 999.0  10.7 999.0 99.0 99.00
2014 12 24 04 21 999 99.0 99.0  1.94  8.33  5.92 117 9999.0 999.0  10.8 999.0 99.0 99.00
2014 12 24 04 51 999 99.0 99.0  1.86  7.14  5.95 101 9999.0 999.0  10.6 999.0 99.0 99.00
2014 12 24 05 21 999 99.0 99.0  1.88  7.69  6.02 109 9999.0 999.0  10.6 999.0 99.0 99.00
2014 12 24 05 51 999 99.0 99.0  1.78  6.67  5.81  86 9999.0 999.0  10.5 999.0 99.0 99.00
2014 12 24 06 21 999 99.0 99.0  1.80  7.14  5.85 108 9999.0 999.0  10.5 999.0 99.0 99.00
2014 12 24 06 51 999 99.0 99.0  1.83  6.67  5.93  96 9999.0 999.0  10.5 999.0 99.0 99.00
2014 12 24 07 21 999 99.0 99.0  1.81  8.33  5.92 108 9999.0 999.0  10.6 999.0 99.0 99.00
2014 12 24 07 51 999 99.0 99.0  1.83  8.33  6.02 113 9999.0 999.0  10.6 999.0 99.0 99.00
2014 12 24 08 21 999 99.0 99.0  1.75  7.14  5.90 129 9999.0 999.0  10.8 999.0 99.0 99.00
2014 12 24 08 51 999 99.0 99.0  1.82  8.33  5.99 108 9999.0 999.0  10.8 999.0 99.0 99.00
2014 12 24 09 21 999 99.0 99.0  1.83  8.33  6.05 112 9999.0 999.0  10.8 999.0 99.0 99.00
2014 12 24 09 51 999 99.0 99.0  1.82  7.69  6.13  99 9999.0 999.0  10.8 999.0 99.0 99.00
2014 12 24 10 21 999 99.0 99.0  1.73  8.33  6.00 103 9999.0 999.0  10.8 999.0 99.0 99.00
2014 12 24 10 51 999 99.0 99.0  1.89  7.14  6.30 115 9999.0 999.0  10.8 999.0 99.0 99.00
2014 12 24 11 21 999 99.0 99.0  1.68  7.14  5.90 126 9999.0 999.0  10.8 999.0 99.0 99.00
2014 12 24 11 51 999 99.0 99.0  1.83  7.69  6.12 115 9999.0 999.0  10.8 999.0 99.0 99.00
2014 12 24 12 21 999 99.0 99.0  1.77  7.14  6.06 106 9999.0 999.0  10.8 999.0 99.0 99.00
2014 12 24 12 51 999 99.0 99.0  1.72  6.67  5.89 103 9999.0 999.0  10.8 999.0 99.0 99.00
2014 12 24 13 21 999 99.0 99.0  1.51  9.09  5.58 103 9999.0 999.0  10.8 999.0 99.0 99.00
2014 12 24 13 51 999 99.0 99.0  1.58  7.69  5.74 101 9999.0 999.0  10.8 999.0 99.0 99.00
2014 12 24 14 21 999 99.0 99.0  1.61  7.69  5.61 115 9999.0 999.0  10.8 999.0 99.0 99.00
2014 12 24 14 51 999 99.0 99.0  1.61  8.33  5.45 105 9999.0 999.0  10.8 999.0 99.0 99.00
2014 12 24 15 21 999 99.0 99.0  1.46  8.33  5.39 103 9999.0 999.0  10.8 999.0 99.0 99.00
2014 12 24 15 51 999 99.0 99.0  1.46  7.69  5.40 113 9999.0 999.0  10.8 999.0 99.0 99.00
2014 12 24 16 21 999 99.0 99.0  1.47  8.33  5.61 102 9999.0 999.0  10.8 999.0 99.0 99.00
2014 12 24 16 51 999 99.0 99.0  1.46  7.69  5.45 115 9999.0 999.0  10.9 999.0 99.0 99.00
2014 12 24 17 21 999 99.0 99.0  1.39  7.69  5.24 113 9999.0 999.0  10.9 999.0 99.0 99.00
2014 12 24 17 51 999 99.0 99.0  1.57  7.14  5.52 113 9999.0 999.0  10.9 999.0 99.0 99.00
2014 12 24 18 21 999 99.0 99.0  1.58  7.69  5.66 113 9999.0 999.0  10.9 999.0 99.0 99.00
2014 12 24 18 51 999 99.0 99.0  1.49  8.33  5.30 113 9999.0 999.0  10.9 999.0 99.0 99.00
2014 12 24 19 21 999 99.0 99.0  1.43  7.14  5.10 113 9999.0 999.0  10.9 999.0 99.0 99.00
2014 12 24 19 51 999 99.0 99.0  1.40  8.33  5.09 112 9999.0 999.0  10.9 999.0 99.0 99.00
2014 12 24 20 21 999 99.0 99.0  1.49  7.14  5.03 108 9999.0 999.0  10.9 999.0 99.0 99.00
2014 12 24 20 51 999 99.0 99.0  1.42  8.33  4.94  96 9999.0 999.0  10.9 999.0 99.0 99.00
2014 12 24 21 21 999 99.0 99.0  1.59  7.69  4.87 113 9999.0 999.0  10.9 999.0 99.0 99.00
2014 12 24 21 51 999 99.0 99.0  1.53  7.69  4.92 105 9999.0 999.0  10.9 999.0 99.0 99.00
2014 12 24 22 21 999 99.0 99.0  1.66  9.09  5.02 103 9999.0 999.0  10.9 999.0 99.0 99.00
2014 12 24 22 51 999 99.0 99.0  1.57  8.33  4.76 103 9999.0 999.0  10.9 999.0 99.0 99.00
2014 12 24 23 21 999 99.0 99.0  1.62  7.69  4.72 102 9999.0 999.0  10.9 999.0 99.0 99.00
2014 12 24 23 51 999 99.0 99.0  1.66  4.55  4.66 174 9999.0 999.0  10.9 999.0 99.0 99.00
2014 12 25 00 21 999 99.0 99.0  1.60  9.09  4.74 105 9999.0 999.0  10.8 999.0 99.0 99.00
2014 12 25 00 51 999 99.0 99.0  1.58  5.00  4.64 161 9999.0 999.0  10.8 999.0 99.0 99.00
2014 12 25 01 21 999 99.0 99.0  1.72  4.76  4.78 175 9999.0 999.0  10.8 999.0 99.0 99.00
2014 12 25 01 51 999 99.0 99.0  1.62  5.00  4.78 175 9999.0 999.0  10.8 999.0 99.0 99.00
2014 12 25 02 21 999 99.0 99.0  1.66  5.26  4.96 171 9999.0 999.0  10.8 999.0 99.0 99.00
2014 12 25 02 51 999 99.0 99.0  1.78  5.56  4.84 160 9999.0 999.0  10.8 999.0 99.0 99.00
2014 12 25 03 21 999 99.0 99.0  1.87  5.88  4.97 172 9999.0 999.0  10.8 999.0 99.0 99.00
2014 12 25 03 51 999 99.0 99.0  1.87  5.26  5.01 176 9999.0 999.0  10.8 999.0 99.0 99.00
2014 12 25 04 21 999 99.0 99.0  1.84  6.67  5.32 162 9999.0 999.0  10.8 999.0 99.0 99.00
2014 12 25 04 51 999 99.0 99.0  1.98  7.14  5.43 153 9999.0 999.0  10.8 999.0 99.0 99.00
2014 12 25 05 21 999 99.0 99.0  2.02  7.14  5.48 158 9999.0 999.0  10.8 999.0 99.0 99.00
2014 12 25 05 51 999 99.0 99.0  2.20  7.14  5.64 164 9999.0 999.0  10.8 999.0 99.0 99.00
2014 12 25 06 21 999 99.0 99.0  2.27  7.69  5.70 155 9999.0 999.0  10.7 999.0 99.0 99.00
2014 12 25 06 51 999 99.0 99.0  2.29  7.14  5.57 165 9999.0 999.0  10.7 999.0 99.0 99.00
2014 12 25 07 21 999 99.0 99.0  2.32  7.69  5.71 158 9999.0 999.0  10.7 999.0 99.0 99.00
2014 12 25 07 51 999 99.0 99.0  2.38  7.14  5.66 174 9999.0 999.0  10.7 999.0 99.0 99.00
2014 12 25 08 21 999 99.0 99.0  2.24  7.69  5.59 158 9999.0 999.0  10.7 999.0 99.0 99.00
2014 12 25 08 51 999 99.0 99.0  2.32  7.14  5.74 167 9999.0 999.0  10.7 999.0 99.0 99.00
2014 12 25 09 21 999 99.0 99.0  2.29  8.33  5.72 160 9999.0 999.0  10.7 999.0 99.0 99.00
2014 12 25 09 51 999 99.0 99.0  2.24  7.69  5.74 160 9999.0 999.0  10.7 999.0 99.0 99.00
2014 12 25 10 21 999 99.0 99.0  2.07  7.69  5.68 155 9999.0 999.0  10.7 999.0 99.0 99.00
2014 12 25 10 51 999 99.0 99.0  2.05  8.33  5.74 148 9999.0 999.0  10.7 999.0 99.0 99.00
2014 12 25 11 21 999 99.0 99.0  1.99  8.33  5.91 155 9999.0 999.0  10.7 999.0 99.0 99.00
2014 12 25 11 51 999 99.0 99.0  2.03  7.14  5.92 158 9999.0 999.0  10.7 999.0 99.0 99.00
2014 12 25 12 21 999 99.0 99.0  1.95  7.69  6.06 160 9999.0 999.0  10.7 999.0 99.0 99.00
2014 12 25 12 51 999 99.0 99.0  2.21  8.33  6.53 155 9999.0 999.0  10.7 999.0 99.0 99.00
2014 12 25 13 21 999 99.0 99.0  2.07  7.69  6.28 161 9999.0 999.0  10.7 999.0 99.0 99.00
2014 12 25 13 51 999 99.0 99.0  1.95  7.69  5.85 155 9999.0 999.0  10.7 999.0 99.0 99.00
2014 12 25 14 21 999 99.0 99.0  1.98  7.69  5.77 168 9999.0 999.0  10.8 999.0 99.0 99.00
2014 12 25 14 51 999 99.0 99.0  2.02  7.69  5.94 164 9999.0 999.0  10.8 999.0 99.0 99.00
2014 12 25 15 51 999 99.0 99.0  1.87  8.33  5.61 154 9999.0 999.0  10.7 999.0 99.0 99.00
2014 12 25 16 21 999 99.0 99.0  1.85  7.69  5.67 172 9999.0 999.0  10.7 999.0 99.0 99.00
2014 12 25 16 51 999 99.0 99.0  1.72  8.33  5.35 165 9999.0 999.0  10.7 999.0 99.0 99.00
2014 12 25 17 21 999 99.0 99.0  1.68  8.33  5.22 153 9999.0 999.0  10.7 999.0 99.0 99.00
2014 12 25 17 51 999 99.0 99.0  1.73  7.69  4.70 158 9999.0 999.0  10.7 999.0 99.0 99.00
2014 12 25 18 21 999 99.0 99.0  1.85  8.33  4.86 164 9999.0 999.0  10.6 999.0 99.0 99.00
2014 12 25 18 51 999 99.0 99.0  1.83  4.17  4.77 293 9999.0 999.0  10.5 999.0 99.0 99.00
2014 12 25 19 21 999 99.0 99.0  1.68  8.33  4.81 153 9999.0 999.0  10.6 999.0 99.0 99.00
2014 12 25 19 51 999 99.0 99.0  1.69  8.33  4.89 155 9999.0 999.0  10.5 999.0 99.0 99.00
2014 12 25 20 21 999 99.0 99.0  1.65  8.33  4.76 157 9999.0 999.0  10.5 999.0 99.0 99.00
2014 12 25 20 51 999 99.0 99.0  1.67  7.69  4.81 160 9999.0 999.0  10.4 999.0 99.0 99.00
2014 12 25 21 21 999 99.0 99.0  1.66  8.33  4.90 162 9999.0 999.0  10.4 999.0 99.0 99.00
2014 12 25 21 51 999 99.0 99.0  1.63  7.69  4.68 168 9999.0 999.0  10.4 999.0 99.0 99.00
2014 12 25 22 21 999 99.0 99.0  1.46  4.55  4.70 318 9999.0 999.0  10.5 999.0 99.0 99.00
2014 12 25 22 51 999 99.0 99.0  1.48  4.55  4.72 324 9999.0 999.0  10.5 999.0 99.0 99.00
2014 12 25 23 21 999 99.0 99.0  1.24  7.14  4.58 160 9999.0 999.0  10.4 999.0 99.0 99.00
2014 12 25 23 51 999 99.0 99.0  1.26  7.69  4.77 161 9999.0 999.0  10.5 999.0 99.0 99.00
2014 12 26 00 21 999 99.0 99.0  1.22  8.33  4.74 164 9999.0 999.0  10.5 999.0 99.0 99.00
2014 12 26 00 51 999 99.0 99.0  1.15  9.09  4.73 158 9999.0 999.0  10.4 999.0 99.0 99.00
2014 12 26 01 21 999 99.0 99.0  1.14  8.33  4.72 171 9999.0 999.0  10.4 999.0 99.0 99.00
2014 12 26 01 51 999 99.0 99.0  1.09  9.09  4.52 160 9999.0 999.0  10.4 999.0 99.0 99.00
2014 12 26 02 21 999 99.0 99.0  1.10  8.33  4.46 167 9999.0 999.0  10.3 999.0 99.0 99.00
2014 12 26 02 51 999 99.0 99.0  1.07  7.69  4.12 165 9999.0 999.0  10.3 999.0 99.0 99.00
2014 12 26 03 21 999 99.0 99.0  1.03  8.33  4.09 158 9999.0 999.0  10.2 999.0 99.0 99.00
2014 12 26 03 51 999 99.0 99.0  1.08  8.33  4.08 161 9999.0 999.0  10.1 999.0 99.0 99.00
2014 12 26 04 21 999 99.0 99.0  0.98  3.23  3.77 273 9999.0 999.0  10.1 999.0 99.0 99.00
2014 12 26 04 51 999 99.0 99.0  1.03  8.33  3.99 162 9999.0 999.0  10.0 999.0 99.0 99.00
2014 12 26 05 21 999 99.0 99.0  1.01  8.33  3.93 162 9999.0 999.0  10.0 999.0 99.0 99.00
2014 12 26 05 51 999 99.0 99.0  0.96 10.53  3.95 136 9999.0 999.0   9.9 999.0 99.0 99.00
2014 12 26 06 21 999 99.0 99.0  1.04  9.88  3.87 144 9999.0 999.0   9.8 999.0 99.0 99.00
2014 12 26 06 51 999 99.0 99.0  0.99  9.88  3.97 153 9999.0 999.0   9.7 999.0 99.0 99.00
2014 12 26 07 21 999 99.0 99.0  0.98  9.88  3.99 162 9999.0 999.0   9.7 999.0 99.0 99.00
2014 12 26 07 51 999 99.0 99.0  0.94  9.09  3.80 161 9999.0 999.0   9.7 999.0 99.0 99.00
2014 12 26 08 21 999 99.0 99.0  0.99  9.88  3.89 165 9999.0 999.0   9.6 999.0 99.0 99.00
2014 12 26 08 51 999 99.0 99.0  0.95  9.09  3.78 168 9999.0 999.0   9.6 999.0 99.0 99.00
2014 12 26 09 21 999 99.0 99.0  0.96  9.88  3.85 169 9999.0 999.0   9.7 999.0 99.0 99.00
2014 12 26 09 51 999 99.0 99.0  0.92  9.09  3.70 160 9999.0 999.0   9.7 999.0 99.0 99.00
2014 12 26 10 21 999 99.0 99.0  0.94  9.09  4.04 167 9999.0 999.0   9.7 999.0 99.0 99.00
2014 12 26 10 51 999 99.0 99.0  0.92  9.09  3.95 167 9999.0 999.0   9.7 999.0 99.0 99.00
2014 12 26 11 21 999 99.0 99.0  0.93  9.09  3.96 167 9999.0 999.0   9.8 999.0 99.0 99.00
2014 12 26 11 51 999 99.0 99.0  0.91  9.09  4.10 174 9999.0 999.0   9.8 999.0 99.0 99.00
2014 12 26 12 21 999 99.0 99.0  0.96  9.09  3.84 171 9999.0 999.0   9.8 999.0 99.0 99.00
2014 12 26 12 51 999 99.0 99.0  0.98  9.09  3.93 168 9999.0 999.0   9.9 999.0 99.0 99.00
2014 12 26 13 21 999 99.0 99.0  0.99  3.57  3.86 276 9999.0 999.0   9.9 999.0 99.0 99.00
2014 12 26 13 51 999 99.0 99.0  1.02  3.57  3.80 272 9999.0 999.0   9.9 999.0 99.0 99.00
2014 12 26 14 21 999 99.0 99.0  1.00  3.85  3.88 273 9999.0 999.0   9.9 999.0 99.0 99.00
2014 12 26 14 51 999 99.0 99.0  0.99  3.85  3.81 272 9999.0 999.0   9.9 999.0 99.0 99.00
2014 12 26 15 21 999 99.0 99.0  0.96  3.70  3.81 283 9999.0 999.0   9.9 999.0 99.0 99.00
2014 12 26 15 51 999 99.0 99.0  0.98  3.57  3.80 286 9999.0 999.0   9.9 999.0 99.0 99.00
2014 12 26 16 21 999 99.0 99.0  0.90  3.57  3.81 283 9999.0 999.0   9.9 999.0 99.0 99.00
2014 12 26 16 51 999 99.0 99.0  0.87  3.45  3.78 290 9999.0 999.0   9.9 999.0 99.0 99.00
2014 12 26 17 21 999 99.0 99.0  0.80  9.09  3.87 151 9999.0 999.0   9.9 999.0 99.0 99.00
2014 12 26 17 51 999 99.0 99.0  0.71  9.09  4.01 161 9999.0 999.0   9.9 999.0 99.0 99.00
2014 12 26 18 21 999 99.0 99.0  0.67  9.09  4.24 160 9999.0 999.0   9.9 999.0 99.0 99.00
2014 12 26 18 51 999 99.0 99.0  0.65  9.09  4.68 161 9999.0 999.0   9.9 999.0 99.0 99.00
2014 12 26 19 21 999 99.0 99.0  0.61  9.09  5.03 158 9999.0 999.0   9.9 999.0 99.0 99.00
2014 12 26 19 51 999 99.0 99.0  0.57  8.33  5.23 158 9999.0 999.0   9.9 999.0 99.0 99.00
2014 12 26 20 21 999 99.0 99.0  0.56  8.33  5.26 161 9999.0 999.0   9.9 999.0 99.0 99.00
2014 12 26 20 51 999 99.0 99.0  0.57  9.09  5.68 158 9999.0 999.0   9.8 999.0 99.0 99.00
2014 12 26 21 21 999 99.0 99.0  0.57  8.33  5.16 162 9999.0 999.0   9.8 999.0 99.0 99.00
2014 12 26 21 51 999 99.0 99.0  0.59 11.76  4.45 103 9999.0 999.0   9.8 999.0 99.0 99.00
2014 12 26 22 21 999 99.0 99.0  0.66 11.76  4.24 110 9999.0 999.0   9.8 999.0 99.0 99.00
2014 12 26 22 51 999 99.0 99.0  0.63  8.33  4.28 153 9999.0 999.0   9.9 999.0 99.0 99.00
2014 12 26 23 21 999 99.0 99.0  0.63 11.76  4.61 108 9999.0 999.0   9.9 999.0 99.0 99.00
2014 12 26 23 51 999 99.0 99.0  0.65 11.76  4.68 102 9999.0 999.0   9.9 999.0 99.0 99.00
2014 12 27 00 21 999 99.0 99.0  0.62 12.50  4.43 103 9999.0 999.0   9.9 999.0 99.0 99.00
2014 12 27 00 51 999 99.0 99.0  0.65 11.76  4.13  99 9999.0 999.0   9.9 999.0 99.0 99.00
2014 12 27 01 51 999 99.0 99.0  0.70 11.76  4.11  96 9999.0 999.0  10.0 999.0 99.0 99.00
2014 12 27 02 21 999 99.0 99.0  0.71  8.33  3.85 162 9999.0 999.0  10.0 999.0 99.0 99.00
2014 12 27 02 51 999 99.0 99.0  0.74 11.76  3.73 109 9999.0 999.0  10.0 999.0 99.0 99.00
2014 12 27 03 21 999 99.0 99.0  0.77  7.69  3.67 172 9999.0 999.0  10.0 999.0 99.0 99.00
2014 12 27 03 51 999 99.0 99.0  0.79  8.33  3.76 162 9999.0 999.0   9.9 999.0 99.0 99.00
2014 12 27 04 21 999 99.0 99.0  0.78 12.50  3.94 102 9999.0 999.0   9.9 999.0 99.0 99.00
2014 12 27 04 51 999 99.0 99.0  0.81 11.76  3.89  89 9999.0 999.0   9.9 999.0 99.0 99.00
2014 12 27 05 21 999 99.0 99.0  0.77 13.33  3.91 123 9999.0 999.0   9.8 999.0 99.0 99.00
2014 12 27 05 51 999 99.0 99.0  0.81 11.76  4.00  98 9999.0 999.0   9.7 999.0 99.0 99.00
2014 12 27 06 21 999 99.0 99.0  0.78  3.45  3.89 210 9999.0 999.0   9.7 999.0 99.0 99.00
2014 12 27 06 51 999 99.0 99.0  0.81 11.76  4.00 101 9999.0 999.0   9.7 999.0 99.0 99.00
2014 12 27 07 21 999 99.0 99.0  0.81 18.18  3.99  95 9999.0 999.0   9.6 999.0 99.0 99.00
2014 12 27 07 51 999 99.0 99.0  0.80 12.50  4.10 103 9999.0 999.0   9.7 999.0 99.0 99.00
2014 12 27 08 21 999 99.0 99.0  0.78  3.85  4.06 202 9999.0 999.0   9.7 999.0 99.0 99.00
2014 12 27 08 51 999 99.0 99.0  0.81 18.18  4.06 101 9999.0 999.0   9.7 999.0 99.0 99.00
2014 12 27 09 21 999 99.0 99.0  0.77 18.18  4.14 109 9999.0 999.0   9.7 999.0 99.0 99.00
2014 12 27 09 51 999 99.0 99.0  0.82 11.76  4.34 101 9999.0 999.0   9.7 999.0 99.0 99.00
2014 12 27 10 21 999 99.0 99.0  0.76 18.18  4.20 102 9999.0 999.0   9.8 999.0 99.0 99.00
2014 12 27 10 51 999 99.0 99.0  0.76 15.38  4.64  99 9999.0 999.0   9.7 999.0 99.0 99.00
2014 12 27 11 21 999 99.0 99.0  0.78 16.67  4.90  82 9999.0 999.0   9.5 999.0 99.0 99.00
2014 12 27 12 21 999 99.0 99.0  0.82 16.67  5.29  95 9999.0 999.0   9.5 999.0 99.0 99.00
2014 12 27 12 51 999 99.0 99.0  0.78 15.38  5.29  93 9999.0 999.0   9.5 999.0 99.0 99.00
2014 12 27 13 21 999 99.0 99.0  0.78 15.38  5.21  95 9999.0 999.0   9.5 999.0 99.0 99.00
2014 12 27 13 51 999 99.0 99.0  0.78 16.67  5.22 106 9999.0 999.0   9.5 999.0 99.0 99.00
2014 12 27 14 21 999 99.0 99.0  0.83 16.67  5.55 101 9999.0 999.0   9.6 999.0 99.0 99.00
2014 12 27 14 51 999 99.0 99.0  0.85 16.67  5.74  99 9999.0 999.0   9.6 999.0 99.0 99.00
2014 12 27 15 21 999 99.0 99.0  0.86 15.38  5.82  99 9999.0 999.0   9.6 999.0 99.0 99.00
2014 12 27 15 51 999 99.0 99.0  0.82 16.67  5.60 105 9999.0 999.0   9.6 999.0 99.0 99.00
2014 12 27 16 21 999 99.0 99.0  0.93 16.67  6.29 113 9999.0 999.0   9.7 999.0 99.0 99.00
2014 12 27 16 51 999 99.0 99.0  0.91 15.38  6.06 103 9999.0 999.0   9.7 999.0 99.0 99.00
2014 12 27 17 21 999 99.0 99.0  0.97 15.38  6.79 108 9999.0 999.0   9.7 999.0 99.0 99.00
2014 12 27 17 51 999 99.0 99.0  1.07 15.38  7.43 102 9999.0 999.0   9.7 999.0 99.0 99.00
2014 12 27 18 21 999 99.0 99.0  1.01 15.38  7.87  96 9999.0 999.0   9.7 999.0 99.0 99.00
2014 12 27 18 51 999 99.0 99.0  0.93 14.29  7.82 101 9999.0 999.0   9.8 999.0 99.0 99.00
2014 12 27 19 21 999 99.0 99.0  0.88 14.29  8.24 103 9999.0 999.0   9.8 999.0 99.0 99.00
2014 12 27 19 51 999 99.0 99.0  0.96 14.29  9.17 102 9999.0 999.0   9.7 999.0 99.0 99.00
2014 12 27 20 21 999 99.0 99.0  0.91 15.38  8.86 103 9999.0 999.0   9.7 999.0 99.0 99.00
2014 12 27 20 51 999 99.0 99.0  0.88 14.29  8.83 103 9999.0 999.0   9.7 999.0 99.0 99.00
2014 12 27 21 21 999 99.0 99.0  0.82 14.29  8.56 105 9999.0 999.0   9.6 999.0 99.0 99.00
2014 12 27 21 51 999 99.0 99.0  0.87 15.38  8.61 102 9999.0 999.0   9.6 999.0 99.0 99.00
2014 12 27 22 21 999 99.0 99.0  0.97 14.29  8.14 109 9999.0 999.0   9.6 999.0 99.0 99.00
2014 12 27 22 51 999 99.0 99.0  0.79 15.38  6.05 109 9999.0 999.0   9.6 999.0 99.0 99.00
2014 12 27 23 21 999 99.0 99.0  0.97 14.29  6.92 102 9999.0 999.0   9.6 999.0 99.0 99.00
2014 12 27 23 51 999 99.0 99.0  0.91 13.33  6.57 110 9999.0 999.0   9.6 999.0 99.0 99.00
2014 12 28 00 21 999 99.0 99.0  0.96 14.29  6.94 103 9999.0 999.0   9.6 999.0 99.0 99.00
2014 12 28 00 51 999 99.0 99.0  0.87 13.33  6.17 106 9999.0 999.0   9.6 999.0 99.0 99.00
2014 12 28 01 21 999 99.0 99.0  0.87 12.50  5.73 105 9999.0 999.0   9.6 999.0 99.0 99.00
2014 12 28 01 51 999 99.0 99.0  0.92 14.29  5.67 103 9999.0 999.0   9.6 999.0 99.0 99.00
2014 12 28 02 21 999 99.0 99.0  0.92 13.33  5.40 106 9999.0 999.0   9.6 999.0 99.0 99.00
2014 12 28 02 51 999 99.0 99.0  0.96 14.29  5.57  99 9999.0 999.0   9.7 999.0 99.0 99.00
2014 12 28 03 21 999 99.0 99.0  0.86 13.33  5.22 113 9999.0 999.0   9.7 999.0 99.0 99.00
2014 12 28 03 51 999 99.0 99.0  0.88 13.33  5.28 105 9999.0 999.0   9.8 999.0 99.0 99.00
2014 12 28 04 21 999 99.0 99.0  0.90 14.29  4.83 109 9999.0 999.0   9.8 999.0 99.0 99.00
2014 12 28 04 51 999 99.0 99.0  0.97 12.50  4.71 105 9999.0 999.0   9.8 999.0 99.0 99.00
2014 12 28 05 21 999 99.0 99.0  0.99 13.33  4.56 102 9999.0 999.0   9.8 999.0 99.0 99.00
2014 12 28 05 51 999 99.0 99.0  0.98 14.29  4.77  96 9999.0 999.0   9.8 999.0 99.0 99.00
2014 12 28 06 21 999 99.0 99.0  0.99 13.33  4.93 105 9999.0 999.0   9.8 999.0 99.0 99.00
2014 12 28 06 51 999 99.0 99.0  0.96 14.29  4.66 106 9999.0 999.0   9.9 999.0 99.0 99.00
2014 12 28 07 21 999 99.0 99.0  0.97 14.29  5.07  96 9999.0 999.0   9.8 999.0 99.0 99.00
2014 12 28 07 51 999 99.0 99.0  0.96 13.33  5.29 108 9999.0 999.0   9.8 999.0 99.0 99.00
2014 12 28 08 21 999 99.0 99.0  0.99 12.50  4.83 106 9999.0 999.0   9.7 999.0 99.0 99.00
2014 12 28 08 51 999 99.0 99.0  1.01 14.29  4.77 112 9999.0 999.0   9.7 999.0 99.0 99.00
2014 12 28 09 21 999 99.0 99.0  1.06 13.33  4.78  99 9999.0 999.0   9.7 999.0 99.0 99.00
2014 12 28 09 51 999 99.0 99.0  1.10 12.50  4.62 109 9999.0 999.0   9.7 999.0 99.0 99.00
2014 12 28 10 21 999 99.0 99.0  1.11 12.50  4.74 105 9999.0 999.0   9.7 999.0 99.0 99.00
2014 12 28 10 51 999 99.0 99.0  1.20 12.50  4.75 116 9999.0 999.0   9.7 999.0 99.0 99.00
2014 12 28 11 21 999 99.0 99.0  1.13 13.33  4.64 110 9999.0 999.0   9.7 999.0 99.0 99.00
2014 12 28 11 51 999 99.0 99.0  1.21 13.33  4.99 106 9999.0 999.0   9.7 999.0 99.0 99.00
2014 12 28 12 21 999 99.0 99.0  1.22 13.33  4.80 109 9999.0 999.0   9.7 999.0 99.0 99.00
2014 12 28 12 51 999 99.0 99.0  1.27 11.76  4.64 116 9999.0 999.0   9.7 999.0 99.0 99.00
2014 12 28 13 21 999 99.0 99.0  1.31  5.26  4.58 189 9999.0 999.0   9.7 999.0 99.0 99.00
2014 12 28 13 51 999 99.0 99.0  1.27 12.50  4.69  99 9999.0 999.0   9.8 999.0 99.0 99.00
2014 12 28 14 21 999 99.0 99.0  1.34 12.50  4.79 103 9999.0 999.0   9.8 999.0 99.0 99.00
2014 12 28 14 51 999 99.0 99.0  1.30  5.26  4.61 185 9999.0 999.0   9.7 999.0 99.0 99.00
2014 12 28 15 21 999 99.0 99.0  1.24  5.26  4.67 189 9999.0 999.0   9.7 999.0 99.0 99.00
2014 12 28 15 51 999 99.0 99.0  1.28  5.56  4.84 183 9999.0 999.0   9.7 999.0 99.0 99.00
2014 12 28 16 21 999 99.0 99.0  1.25  5.56  4.89 188 9999.0 999.0   9.7 999.0 99.0 99.00
2014 12 28 16 51 999 99.0 99.0  1.18  5.88  4.98 179 9999.0 999.0   9.7 999.0 99.0 99.00
2014 12 28 17 21 999 99.0 99.0  1.12  5.56  4.85 179 9999.0 999.0   9.7 999.0 99.0 99.00
2014 12 28 17 51 999 99.0 99.0  1.16  5.56  5.14 183 9999.0 999.0   9.6 999.0 99.0 99.00
2014 12 28 18 21 999 99.0 99.0  1.12  5.88  5.18 179 9999.0 999.0   9.6 999.0 99.0 99.00
2014 12 28 18 51 999 99.0 99.0  1.12  5.56  5.07 182 9999.0 999.0   9.5 999.0 99.0 99.00
2014 12 28 19 21 999 99.0 99.0  1.05  5.88  5.29 179 9999.0 999.0   9.5 999.0 99.0 99.00
2014 12 28 19 51 999 99.0 99.0  1.17  6.25  5.61 179 9999.0 999.0   9.5 999.0 99.0 99.00
2014 12 28 20 21 999 99.0 99.0  1.16  6.25  5.54 176 9999.0 999.0   9.5 999.0 99.0 99.00
2014 12 28 20 51 999 99.0 99.0  1.28  6.25  5.89 181 9999.0 999.0   9.5 999.0 99.0 99.00
2014 12 28 21 21 999 99.0 99.0  1.30  6.67  6.11 176 9999.0 999.0   9.5 999.0 99.0 99.00
2014 12 28 21 51 999 99.0 99.0  1.26  6.67  5.99 176 9999.0 999.0   9.5 999.0 99.0 99.00
2014 12 28 22 21 999 99.0 99.0  1.39  6.67  6.17 176 9999.0 999.0   9.5 999.0 99.0 99.00
2014 12 28 22 51 999 99.0 99.0  1.31  6.67  6.03 175 9999.0 999.0   9.5 999.0 99.0 99.00
2014 12 28 23 21 999 99.0 99.0  1.25  6.67  5.98 178 9999.0 999.0   9.4 999.0 99.0 99.00
2014 12 28 23 51 999 99.0 99.0  1.29  6.67  5.86 176 9999.0 999.0   9.4 999.0 99.0 99.00
2014 12 29 00 21 999 99.0 99.0  1.34  6.67  5.92 181 9999.0 999.0   9.4 999.0 99.0 99.00
2014 12 29 00 51 999 99.0 99.0  1.28  6.25  5.76 182 9999.0 999.0   9.4 999.0 99.0 99.00
2014 12 29 01 21 999 99.0 99.0  1.29  6.67  5.78 186 9999.0 999.0   9.4 999.0 99.0 99.00
2014 12 29 01 51 999 99.0 99.0  1.24  6.67  5.51 182 9999.0 999.0   9.4 999.0 99.0 99.00
2014 12 29 02 21 999 99.0 99.0  1.33  6.67  5.67 185 9999.0 999.0   9.4 999.0 99.0 99.00
2014 12 29 02 51 999 99.0 99.0  1.24  6.25  5.36 191 9999.0 999.0   9.4 999.0 99.0 99.00
2014 12 29 03 21 999 99.0 99.0  1.25  6.67  5.41 186 9999.0 999.0   9.5 999.0 99.0 99.00
2014 12 29 03 51 999 99.0 99.0  1.14  6.67  5.39 189 9999.0 999.0   9.5 999.0 99.0 99.00
2014 12 29 04 21 999 99.0 99.0  1.06  6.25  5.25 182 9999.0 999.0   9.5 999.0 99.0 99.00
2014 12 29 04 51 999 99.0 99.0  1.04  6.67  5.02 182 9999.0 999.0   9.5 999.0 99.0 99.00
2014 12 29 05 21 999 99.0 99.0  0.95  6.67  4.96 181 9999.0 999.0   9.5 999.0 99.0 99.00
2014 12 29 05 51 999 99.0 99.0  1.03  6.25  5.04 179 9999.0 999.0   9.5 999.0 99.0 99.00
2014 12 29 06 21 999 99.0 99.0  1.05  6.67  4.83 174 9999.0 999.0   9.5 999.0 99.0 99.00
2014 12 29 06 51 999 99.0 99.0  1.02  6.25  4.18 176 9999.0 999.0   9.5 999.0 99.0 99.00
2014 12 29 07 21 999 99.0 99.0  1.07  6.67  4.15 176 9999.0 999.0   9.5 999.0 99.0 99.00
2014 12 29 07 51 999 99.0 99.0  1.17  4.00  4.20   3 9999.0 999.0   9.5 999.0 99.0 99.00
2014 12 29 08 21 999 99.0 99.0  1.12 13.33  4.14 109 9999.0 999.0   9.5 999.0 99.0 99.00
2014 12 29 08 51 999 99.0 99.0  1.04  4.00  4.21 354 9999.0 999.0   9.4 999.0 99.0 99.00
2014 12 29 09 21 999 99.0 99.0  1.09  4.17  4.13 352 9999.0 999.0   9.4 999.0 99.0 99.00
2014 12 29 09 51 999 99.0 99.0  1.20  4.55  4.10   5 9999.0 999.0   9.3 999.0 99.0 99.00
2014 12 29 10 21 999 99.0 99.0  1.24  4.55  4.10   3 9999.0 999.0   9.4 999.0 99.0 99.00
2014 12 29 10 51 999 99.0 99.0  1.17  4.17  4.04 349 9999.0 999.0   9.3 999.0 99.0 99.00
2014 12 29 11 21 999 99.0 99.0  1.21  4.17  4.09 355 9999.0 999.0   9.3 999.0 99.0 99.00
2014 12 29 11 51 999 99.0 99.0  1.23  4.76  4.19 359 9999.0 999.0   9.3 999.0 99.0 99.00
2014 12 29 12 21 999 99.0 99.0  1.17  4.55  4.06 359 9999.0 999.0   9.3 999.0 99.0 99.00
2014 12 29 12 51 999 99.0 99.0  1.12  4.76  4.05   1 9999.0 999.0   9.3 999.0 99.0 99.00
2014 12 29 13 21 999 99.0 99.0  1.17  4.55  4.08   1 9999.0 999.0   9.4 999.0 99.0 99.00
2014 12 29 13 51 999 99.0 99.0  1.07  4.76  4.02 359 9999.0 999.0   9.4 999.0 99.0 99.00
2014 12 29 14 21 999 99.0 99.0  0.99  4.17  3.94 359 9999.0 999.0   9.4 999.0 99.0 99.00
2014 12 29 14 51 999 99.0 99.0  0.98  4.35  3.94 354 9999.0 999.0   9.5 999.0 99.0 99.00
2014 12 29 15 21 999 99.0 99.0  0.95  4.35  3.90   1 9999.0 999.0   9.5 999.0 99.0 99.00
2014 12 29 15 51 999 99.0 99.0  0.90  4.17  3.97 356 9999.0 999.0   9.4 999.0 99.0 99.00
2014 12 29 16 21 999 99.0 99.0  0.89  3.85  3.82 358 9999.0 999.0   9.4 999.0 99.0 99.00
2014 12 29 16 51 999 99.0 99.0  0.84  4.17  3.98   3 9999.0 999.0   9.4 999.0 99.0 99.00
2014 12 29 17 21 999 99.0 99.0  0.82  3.85  4.04   1 9999.0 999.0   9.4 999.0 99.0 99.00
2014 12 29 17 51 999 99.0 99.0  0.76 12.50  4.14 109 9999.0 999.0   9.4 999.0 99.0 99.00
2014 12 29 18 21 999 99.0 99.0  0.74 12.50  4.09 101 9999.0 999.0   9.4 999.0 99.0 99.00
2014 12 29 18 51 999 99.0 99.0  0.77 12.50  4.14 101 9999.0 999.0   9.4 999.0 99.0 99.00
2014 12 29 19 21 999 99.0 99.0  0.74  4.00  3.67  15 9999.0 999.0   9.4 999.0 99.0 99.00
2014 12 29 19 51 999 99.0 99.0  0.75 12.50  3.74 108 9999.0 999.0   9.4 999.0 99.0 99.00
2014 12 29 20 21 999 99.0 99.0  0.74 10.53  3.71 115 9999.0 999.0   9.4 999.0 99.0 99.00
2014 12 29 20 51 999 99.0 99.0  0.70 10.53  3.73 119 9999.0 999.0   9.4 999.0 99.0 99.00
2014 12 29 21 21 999 99.0 99.0  0.65 12.50  3.67 117 9999.0 999.0   9.4 999.0 99.0 99.00
2014 12 29 21 51 999 99.0 99.0  0.64  6.25  3.79 154 9999.0 999.0   9.4 999.0 99.0 99.00
2014 12 29 22 21 999 99.0 99.0  0.64 11.76  3.81 101 9999.0 999.0   9.3 999.0 99.0 99.00
2014 12 29 22 51 999 99.0 99.0  0.59 11.76  3.79 115 9999.0 999.0   9.3 999.0 99.0 99.00
2014 12 29 23 21 999 99.0 99.0  0.58 11.76  3.99 106 9999.0 999.0   9.3 999.0 99.0 99.00
2014 12 29 23 51 999 99.0 99.0  0.51 11.76  4.20  98 9999.0 999.0   9.3 999.0 99.0 99.00
2014 12 30 00 21 999 99.0 99.0  0.50 11.11  4.04 109 9999.0 999.0   9.2 999.0 99.0 99.00
2014 12 30 00 51 999 99.0 99.0  0.51 11.11  3.90 109 9999.0 999.0   9.2 999.0 99.0 99.00
2014 12 30 01 21 999 99.0 99.0  0.55 11.76  3.56  86 9999.0 999.0   9.2 999.0 99.0 99.00
2014 12 30 01 51 999 99.0 99.0  0.61 11.76  3.40 101 9999.0 999.0   9.2 999.0 99.0 99.00
2014 12 30 02 21 999 99.0 99.0  0.64  3.23  3.35  11 9999.0 999.0   9.2 999.0 99.0 99.00
2014 12 30 02 51 999 99.0 99.0  0.76  3.33  3.38   8 9999.0 999.0   9.2 999.0 99.0 99.00
2014 12 30 03 21 999 99.0 99.0  0.88  3.57  3.44   6 9999.0 999.0   9.2 999.0 99.0 99.00
2014 12 30 03 51 999 99.0 99.0  0.92  3.85  3.54 359 9999.0 999.0   9.3 999.0 99.0 99.00
2014 12 30 04 21 999 99.0 99.0  0.99  4.17  3.64   1 9999.0 999.0   9.3 999.0 99.0 99.00
2014 12 30 04 51 999 99.0 99.0  1.07  4.35  3.69   3 9999.0 999.0   9.3 999.0 99.0 99.00
2014 12 30 05 21 999 99.0 99.0  1.03  4.55  3.74 359 9999.0 999.0   9.3 999.0 99.0 99.00
2014 12 30 05 51 999 99.0 99.0  1.10  4.55  3.92   1 9999.0 999.0   9.4 999.0 99.0 99.00
2014 12 30 06 21 999 99.0 99.0  1.16  5.00  3.93   9 9999.0 999.0   9.4 999.0 99.0 99.00
2014 12 30 06 51 999 99.0 99.0  1.17  4.76  3.87   2 9999.0 999.0   9.5 999.0 99.0 99.00
2014 12 30 07 21 999 99.0 99.0  1.03  4.55  3.79 359 9999.0 999.0   9.5 999.0 99.0 99.00
2014 12 30 07 51 999 99.0 99.0  1.00  4.55  3.70   2 9999.0 999.0   9.6 999.0 99.0 99.00
2014 12 30 08 21 999 99.0 99.0  1.09  4.55  3.67   1 9999.0 999.0   9.6 999.0 99.0 99.00
2014 12 30 08 51 999 99.0 99.0  0.99  4.35  3.69   6 9999.0 999.0   9.6 999.0 99.0 99.00
2014 12 30 09 21 999 99.0 99.0  1.05  4.35  3.70  11 9999.0 999.0   9.6 999.0 99.0 99.00
2014 12 30 09 51 999 99.0 99.0  1.16  4.35  3.77   9 9999.0 999.0   9.6 999.0 99.0 99.00
2014 12 30 10 21 999 99.0 99.0  1.17  4.55  3.83  12 9999.0 999.0   9.7 999.0 99.0 99.00
2014 12 30 10 51 999 99.0 99.0  1.22  4.55  3.92   8 9999.0 999.0   9.7 999.0 99.0 99.00
2014 12 30 11 21 999 99.0 99.0  1.16  4.76  3.77   5 9999.0 999.0   9.7 999.0 99.0 99.00
2014 12 30 11 51 999 99.0 99.0  1.16  4.76  3.82   8 9999.0 999.0   9.7 999.0 99.0 99.00
2014 12 30 12 21 999 99.0 99.0  1.14  4.35  3.82   8 9999.0 999.0   9.8 999.0 99.0 99.00
2014 12 30 12 51 999 99.0 99.0  1.12  4.35  3.81  12 9999.0 999.0   9.8 999.0 99.0 99.00
2014 12 30 13 21 999 99.0 99.0  1.16  4.55  3.98  12 9999.0 999.0   9.8 999.0 99.0 99.00
2014 12 30 13 51 999 99.0 99.0  1.23  5.26  4.05  39 9999.0 999.0   9.9 999.0 99.0 99.00
2014 12 30 14 21 999 99.0 99.0  1.27  5.26  4.28  40 9999.0 999.0   9.9 999.0 99.0 99.00
2014 12 30 14 51 999 99.0 99.0  1.29  5.00  4.21  39 9999.0 999.0   9.9 999.0 99.0 99.00
2014 12 30 15 21 999 99.0 99.0  1.23  5.56  4.25  54 9999.0 999.0   9.9 999.0 99.0 99.00
2014 12 30 15 51 999 99.0 99.0  1.18  5.56  4.19  51 9999.0 999.0   9.9 999.0 99.0 99.00
2014 12 30 16 21 999 99.0 99.0  1.15  5.26  4.22  51 9999.0 999.0   9.9 999.0 99.0 99.00
2014 12 30 16 51 999 99.0 99.0  1.06  5.26  4.09  54 9999.0 999.0   9.9 999.0 99.0 99.00
2014 12 30 17 21 999 99.0 99.0  1.04  5.26  4.05  53 9999.0 999.0   9.8 999.0 99.0 99.00
2014 12 30 17 51 999 99.0 99.0  1.03  5.56  4.05  56 9999.0 999.0   9.8 999.0 99.0 99.00
2014 12 30 18 21 999 99.0 99.0  0.99  5.00  3.97  50 9999.0 999.0   9.9 999.0 99.0 99.00
2014 12 30 18 51 999 99.0 99.0  0.96  5.56  3.93  56 9999.0 999.0   9.8 999.0 99.0 99.00
2014 12 30 19 21 999 99.0 99.0  0.87  4.76  3.82  51 9999.0 999.0   9.8 999.0 99.0 99.00
2014 12 30 19 51 999 99.0 99.0  0.85  5.26  3.88  57 9999.0 999.0   9.8 999.0 99.0 99.00
2014 12 30 20 21 999 99.0 99.0  0.80  5.56  3.76  61 9999.0 999.0   9.8 999.0 99.0 99.00
2014 12 30 20 51 999 99.0 99.0  0.77  4.76  3.83  50 9999.0 999.0   9.8 999.0 99.0 99.00
2014 12 30 21 21 999 99.0 99.0  0.74  5.00  3.93  54 9999.0 999.0   9.8 999.0 99.0 99.00
2014 12 30 21 51 999 99.0 99.0  0.72  4.76  3.91  51 9999.0 999.0   9.8 999.0 99.0 99.00
2014 12 30 22 21 999 99.0 99.0  0.69  4.76  3.99  60 9999.0 999.0   9.8 999.0 99.0 99.00
2014 12 30 22 51 999 99.0 99.0  0.68  4.35  3.80  53 9999.0 999.0   9.7 999.0 99.0 99.00
2014 12 30 23 21 999 99.0 99.0  0.69  5.00  3.56  67 9999.0 999.0   9.7 999.0 99.0 99.00
2014 12 30 23 51 999 99.0 99.0  0.75  4.55  3.40  58 9999.0 999.0   9.7 999.0 99.0 99.00
2014 12 31 00 21 999 99.0 99.0  0.80  5.00  3.45  63 9999.0 999.0   9.7 999.0 99.0 99.00
2014 12 31 00 51 999 99.0 99.0  0.82  3.33  3.51 345 9999.0 999.0   9.7 999.0 99.0 99.00
2014 12 31 01 21 999 99.0 99.0  0.79  3.45  3.47 358 9999.0 999.0   9.6 999.0 99.0 99.00
2014 12 31 01 51 999 99.0 99.0  0.80  3.57  3.49   1 9999.0 999.0   9.7 999.0 99.0 99.00
2014 12 31 02 21 999 99.0 99.0  0.82  3.70  3.44   8 9999.0 999.0   9.6 999.0 99.0 99.00
2014 12 31 02 51 999 99.0 99.0  0.78  3.57  3.57 359 9999.0 999.0   9.6 999.0 99.0 99.00
2014 12 31 03 21 999 99.0 99.0  0.80  4.35  3.60  39 9999.0 999.0   9.7 999.0 99.0 99.00
2014 12 31 03 51 999 99.0 99.0  0.87  4.00  3.71  12 9999.0 999.0   9.7 999.0 99.0 99.00
2014 12 31 04 21 999 99.0 99.0  0.81  4.17  3.68  19 9999.0 999.0   9.7 999.0 99.0 99.00
2014 12 31 04 51 999 99.0 99.0  0.82  4.35  3.72  22 9999.0 999.0   9.7 999.0 99.0 99.00
2014 12 31 05 21 999 99.0 99.0  0.74  4.17  3.78  18 9999.0 999.0   9.7 999.0 99.0 99.00
2014 12 31 05 51 999 99.0 99.0  0.70  4.17  3.82  13 9999.0 999.0   9.7 999.0 99.0 99.00
2014 12 31 06 21 999 99.0 99.0  0.71  4.35  3.85  25 9999.0 999.0   9.7 999.0 99.0 99.00
2014 12 31 06 51 999 99.0 99.0  0.66  4.17  3.87  19 9999.0 999.0   9.7 999.0 99.0 99.00
2014 12 31 07 21 999 99.0 99.0  0.59  4.00  3.83  13 9999.0 999.0   9.7 999.0 99.0 99.00
2014 12 31 07 51 999 99.0 99.0  0.55  3.85  3.89  15 9999.0 999.0   9.7 999.0 99.0 99.00
2014 12 31 08 21 999 99.0 99.0  0.56  3.85  3.97   9 9999.0 999.0   9.7 999.0 99.0 99.00
2014 12 31 08 51 999 99.0 99.0  0.52  4.00  3.94  19 9999.0 999.0   9.7 999.0 99.0 99.00
2014 12 31 09 21 999 99.0 99.0  0.50  3.70  3.49   9 9999.0 999.0   9.7 999.0 99.0 99.00
2014 12 31 09 51 999 99.0 99.0  0.50  3.57  3.29   9 9999.0 999.0   9.7 999.0 99.0 99.00
2014 12 31 10 21 999 99.0 99.0  0.53  2.38  3.12 279 9999.0 999.0   9.6 999.0 99.0 99.00
2014 12 31 10 51 999 99.0 99.0  0.57  2.70  3.08 269 9999.0 999.0   9.6 999.0 99.0 99.00
2014 12 31 11 21 999 99.0 99.0  0.63  2.86  3.00 268 9999.0 999.0   9.6 999.0 99.0 99.00
2014 12 31 11 51 999 99.0 99.0  0.67  3.12  3.07 262 9999.0 999.0   9.5 999.0 99.0 99.00
2014 12 31 12 21 999 99.0 99.0  0.71  3.23  3.12 268 9999.0 999.0   9.6 999.0 99.0 99.00
2014 12 31 12 51 999 99.0 99.0  0.71  3.33  3.05 272 9999.0 999.0   9.5 999.0 99.0 99.00
2014 12 31 13 21 999 99.0 99.0  0.80  3.45  3.13 269 9999.0 999.0   9.5 999.0 99.0 99.00
2014 12 31 13 51 999 99.0 99.0  0.83  3.70  3.17 286 9999.0 999.0   9.5 999.0 99.0 99.00
2014 12 31 14 21 999 99.0 99.0  0.89  3.70  3.29 286 9999.0 999.0   9.5 999.0 99.0 99.00
2014 12 31 14 51 999 99.0 99.0  1.03  3.85  3.40 300 9999.0 999.0   9.5 999.0 99.0 99.00
2014 12 31 15 21 999 99.0 99.0  1.12  4.17  3.56 307 9999.0 999.0   9.5 999.0 99.0 99.00
2014 12 31 15 51 999 99.0 99.0  1.22  4.35  3.68 317 9999.0 999.0   9.5 999.0 99.0 99.00
2014 12 31 16 21 999 99.0 99.0  1.16  4.35  3.68 311 9999.0 999.0   9.5 999.0 99.0 99.00
2014 12 31 16 51 999 99.0 99.0  1.09  4.35  3.71 309 9999.0 999.0   9.5 999.0 99.0 99.00
2014 12 31 17 21 999 99.0 99.0  0.98  4.17  3.60 314 9999.0 999.0   9.5 999.0 99.0 99.00
2014 12 31 17 51 999 99.0 99.0  0.93  3.85  3.53 310 9999.0 999.0   9.5 999.0 99.0 99.00
2014 12 31 18 21 999 99.0 99.0  0.94  3.85  3.60 320 9999.0 999.0   9.5 999.0 99.0 99.00
2014 12 31 18 51 999 99.0 99.0  0.84  4.00  3.54 344 9999.0 999.0   9.5 999.0 99.0 99.00
2014 12 31 19 21 999 99.0 99.0  0.79  4.35  3.40 354 9999.0 999.0   9.5 999.0 99.0 99.00
2014 12 31 19 51 999 99.0 99.0  0.74  3.70  3.35 340 9999.0 999.0   9.5 999.0 99.0 99.00
2014 12 31 20 21 999 99.0 99.0  0.70  3.85  3.18 342 9999.0 999.0   9.5 999.0 99.0 99.00
2014 12 31 20 51 999 99.0 99.0  0.67  3.70  3.18 345 9999.0 999.0   9.5 999.0 99.0 99.00
2014 12 31 21 21 999 99.0 99.0  0.68  3.85  3.12 348 9999.0 999.0   9.5 999.0 99.0 99.00
2014 12 31 21 51 999 99.0 99.0  0.69  3.23  3.04 307 9999.0 999.0   9.5 999.0 99.0 99.00
2014 12 31 22 21 999 99.0 99.0  0.66  3.45  3.05 328 9999.0 999.0   9.5 999.0 99.0 99.00
2014 12 31 22 51 999 99.0 99.0  0.65  3.45  3.04 330 9999.0 999.0   9.5 999.0 99.0 99.00
2014 12 31 23 21 999 99.0 99.0  0.68  3.45  3.00 310 9999.0 999.0   9.4 999.0 99.0 99.00
2014 12 31 23 51 999 99.0 99.0  0.68  3.33  2.99 281 9999.0 999.0   9.3 999.0 99.0 99.00
